T  M chi U c
1.51  0.9857936197916667  0.02884738023992864  -1.9487825520833333  0.20440657737206458
1.52  0.9852319010416667  0.029187769665440264  -1.9467661458333334  0.2070955822644455
1.53  0.9846071614583334  0.03167075421829187  -1.9447645833333334  0.2182574987777637
1.54  0.9840139322916667  0.03236080241872249  -1.9426643229166667  0.22221396068023755
1.55  0.9832615885416667  0.03439622647570397  -1.9401541666666666  0.23286451566655175
1.56  0.98275546875  0.0355241056690822  -1.9384950520833333  0.23380385796049985
1.57  0.9818786458333333  0.03768476428699339  -1.93556953125  0.24398096096272093
1.58  0.9812419270833334  0.03878961233076595  -1.9334768229166666  0.2455665908839647
1.59  0.9803303385416666  0.04126460416396027  -1.93063828125  0.25603130671664054
1.6  0.9795440104166667  0.043313372384972126  -1.9280208333333333  0.2624565972222381
1.61  0.9787145833333334  0.045763633367821244  -1.925421875  0.2690234510628286
1.62  0.977801953125  0.04738599708238421  -1.92243125  0.2765465274602192
1.63  0.9770938802083333  0.049323783228414395  -1.9200625  0.2855593925251224
1.6400000000000001  0.9761057291666667  0.05216636479504847  -1.9169013020833334  0.2941908454414261
1.65  0.9751786458333334  0.05511480854376273  -1.9141177083333334  0.30073586276908537
1.66  0.974216796875  0.05786050392979556  -1.9110973958333333  0.3097727191648247
1.67  0.9734940104166667  0.057883617255046774  -1.9086130208333334  0.3114518376171809
1.68  0.9721526041666667  0.06319578418485199  -1.9046458333333334  0.32313573751259017
1.69  0.9711860677083334  0.06737321591212359  -1.90170234375  0.33457132462460165
1.7  0.9701483072916667  0.06787942677441512  -1.8983231770833333  0.33794146048995233
1.71  0.9689799479166666  0.07203429896646162  -1.8946729166666667  0.35040164343066166
1.72  0.9678278645833334  0.07499486554222401  -1.8912713541666666  0.35813676309175463
1.73  0.9662936197916666  0.08211186319596833  -1.8869221354166668  0.37416585014506637
1.74  0.9652352864583333  0.08537016570632408  -1.8837552083333333  0.3786943430623348
1.75  0.9640100260416666  0.0870361150570521  -1.879678125  0.3904957749659379
1.76  0.9625395833333333  0.09356990703913615  -1.87570078125  0.3990234067806823
1.77  0.9615756510416666  0.09553682173721088  -1.87277578125  0.406452218342027
1.78  0.9594830729166667  0.10661436656327875  -1.8672018229166667  0.4245169583436241
1.79  0.9582686197916667  0.10915573835883956  -1.86352890625  0.43449422440841856
1.8  0.9570888020833334  0.1111106400366345  -1.8599416666666666  0.432924731138571
1.81  0.95528984375  0.11854439102785239  -1.8546705729166666  0.45604972680401995
1.82  0.9537298177083333  0.12401519568214779  -1.8502981770833333  0.4573663700487029
1.83  0.9519352864583334  0.13380600910508245  -1.8454880208333333  0.4772019757524167
1.84  0.950142578125  0.1420299785226977  -1.8409166666666668  0.4880366765779149
1.85  0.9487106770833333  0.1458192905311602  -1.8368057291666666  0.4884559108635933
1.8599999999999999  0.9463087239583333  0.1634796944981168  -1.8308713541666666  0.50297070853972
1.87  0.9445071614583334  0.16257205737290062  -1.8256536458333332  0.5194806466481809
1.88  0.9422162760416667  0.17935851423748986  -1.8202127604166667  0.5355616568534035
1.8900000000000001  0.9401615885416666  0.20385128582221212  -1.8145127604166666  0.5523838031734596
1.9  0.9382888020833333  0.19426265678911128  -1.80946796875  0.5624935583593162
1.9100000000000001  0.9358890625  0.20699265019631904  -1.8032830729166667  0.578509263721553
1.92  0.9334790364583333  0.22193211045780833  -1.7976377604166667  0.5859708477962133
1.93  0.9309532552083334  0.25025016677235734  -1.7917674479166668  0.6140393693967185
1.94  0.9294833333333333  0.23991422666093695  -1.7871411458333333  0.6141633985007184
1.95  0.9257358072916667  0.28273156650416886  -1.7788479166666666  0.6473789074439432
1.96  0.92353828125  0.28216257645088166  -1.7731833333333333  0.6467493263802315
1.97  0.9207680989583333  0.30910064376895624  -1.7666661458333333  0.6710802691636731
1.98  0.918174609375  0.3292332623961058  -1.760778125  0.6902889792282955
1.99  0.9146501302083333  0.3426412724015173  -1.7528341145833333  0.6996022315259769
2.0  0.19374192708333332  101.88775457499132  -1.7462544270833333  0.738342488328982
2.0005  -0.9114212239583334  0.3854805803214912  -1.74571640625  0.720621807247628
2.001  -0.32348828125  93.01562440980031  -1.7444778645833334  0.737707108356337
2.0015  0.9101184895833333  0.393782605537183  -1.7437294270833332  0.7310700919641355
2.002  0.911268359375  0.3705828271533337  -1.7445630208333334  0.7248088117170723
2.0025  0.9099399739583334  0.411352998593331  -1.7433151041666666  0.7368622966437067
2.003  0.910858203125  0.36906250242475314  -1.7440856770833333  0.7201074604973845
2.0035  0.9096270833333333  0.3985003758700071  -1.7426604166666666  0.7351323468321772
2.004  0.9099178385416666  0.40074540034298106  -1.7428783854166667  0.7370837928432681
2.0045  0.9098213541666667  0.39332228357722065  -1.7422755208333334  0.7338097910110103
2.005  0.91036015625  0.38285187128532466  -1.7428151041666666  0.7263085009663587
2.0055  0.9096377604166667  0.4052558235598535  -1.7423484375  0.7358849930848559
2.006  -0.01194296875  105.69533672142428  -1.7401598958333333  0.7566940765267955
2.0065  0.9084072916666667  0.40506881579310194  -1.7393815104166668  0.7509843645619703
2.007  0.9093510416666667  0.39345242636882033  -1.7413411458333334  0.7317412325248317
2.0075  0.9093954427083333  0.38662320843496684  -1.74048359375  0.7394227039453809
2.008  0.9087139322916666  0.4040378850721297  -1.7395216145833334  0.7393869794889136
2.0085  0.079620703125  104.77452750470006  -1.73943125  0.7415074862214922
2.009  -0.5193350260416667  71.10285073279401  -1.7389736979166666  0.7503859307826881
2.0095  -0.29363828125  94.21523639413307  -1.7368981770833334  0.7617050504214559
2.01  -0.9084739583333333  0.4351715243228202  -1.7397958333333334  0.7479987695574065
2.0105  -0.9078908854166666  0.4106447867359719  -1.7383317708333332  0.7453621050862381
2.011  -0.16094361979166666  102.08693080805354  -1.7383822916666667  0.739996891715727
2.0115  -0.8161092447916667  20.549632229780766  -1.7376580729166666  0.7293379939115852
2.012  0.42023802083333334  82.59999582542937  -1.7362114583333332  0.7631916098807437
2.0125  0.9065407552083333  0.4097644791903894  -1.7351  0.7561557096305439
2.013  0.9072356770833333  0.4182349776366787  -1.7367940104166666  0.7496445391302189
2.0135  -0.082387890625  104.28799470302671  -1.7373109375  0.7428130788582685
2.014  -0.9062114583333334  0.46126418969987315  -1.7352104166666666  0.7723863686293592
2.0145  -0.593287890625  60.00612241931544  -1.7343518229166666  0.7590940868944421
2.015  -0.521179296875  70.26713399579327  -1.73488203125  0.7615079367137989
2.0155  -0.905491015625  0.47668340060494735  -1.73410234375  0.7582584126071262
2.016  -0.6560595052083333  49.81478114242097  -1.73348125  0.763708784584421
2.0165  0.9065013020833333  0.3890522871638758  -1.7340796875  0.7451876857749203
2.017  -0.762794140625  30.631901383636226  -1.7327677083333333  0.7556035603801855
2.0175  -0.708783984375  40.498032840852176  -1.7311638020833333  0.7701224298702486
2.018  0.07479049479166666  103.61809065442057  -1.7323325520833333  0.77292111262907
2.0185  -0.9061861979166667  0.4269341918417765  -1.73386171875  0.7419337268104306
2.019  -0.9049458333333333  0.4436328828903181  -1.7316427083333332  0.7567746746969388
2.0195  -0.90501171875  0.44513940447822653  -1.73199296875  0.7606105133715849
2.02  -0.12383216145833334  102.16995259436666  -1.7304424479166667  0.7697714301864117
2.0205  0.9049944010416666  0.418681845611585  -1.7308083333333333  0.7630710554331019
2.021  0.32899817708333334  90.1051491233627  -1.7291833333333333  0.7840219984951413
2.0215  0.8735817708333333  7.104414360588956  -1.7291947916666666  0.7826566903248167
2.022  -0.13340247395833332  101.63546339664516  -1.7290322916666667  0.7684421494753387
2.0225  -0.7229170572916667  37.6670172967119  -1.7288309895833334  0.7677185708939092
2.023  0.9030234375  0.4486851545765349  -1.7281049479166666  0.7622057832860708
2.0235  -0.2567364583333333  95.31781332001759  -1.7281299479166667  0.7660127841164026
2.024  0.22058958333333334  97.15809727629556  -1.7260713541666666  0.795326978741275
2.0245  0.902874609375  0.4663009600943186  -1.7273802083333334  0.7782727350365192
2.025  -0.33888203125  88.89100910280352  -1.72680078125  0.7838114226109044
2.0255  -0.9018984375  0.49614794958034425  -1.726190625  0.7907307430930062
2.026  -0.903913671875  0.41692620231906946  -1.7279346354166667  0.75952586705972
2.0265  0.8522744791666667  11.518943488739481  -1.7255315104166666  0.7743030442855461
2.027  0.9030540364583334  0.43446545202054515  -1.7265653645833334  0.7633412906763135
2.0275  0.3316752604166667  89.22675367611147  -1.72471640625  0.7878752121973793
2.028  0.5018235677083334  71.33817312823382  -1.7254494791666666  0.7798746007402
2.0285  0.9023126302083333  0.4422896957911531  -1.72526328125  0.7705462859235942
2.029  -0.54524140625  65.40128868790559  -1.7237359375  0.78642380959288
2.0295  -0.901400390625  0.4527863962606141  -1.7234940104166667  0.7749960924720299
2.03  -0.9005907552083333  0.481547507079147  -1.72309453125  0.791407897306525
2.0305  -0.9009891927083333  0.48741846902231567  -1.7233786458333333  0.7793028263326119
2.031  -0.33610768229166665  88.35798874338167  -1.7221013020833333  0.7851015677237293
2.0315  -0.9008158854166667  0.454691117597482  -1.72244453125  0.7789027236507021
2.032  0.0829421875  101.60445249272064  -1.721309375  0.7953433662531467
2.0325  0.9006950520833333  0.4772573154896112  -1.7219401041666667  0.7795703374725426
2.033  0.9007442708333333  0.4834497786180757  -1.7225127604166666  0.7844665938678713
2.0335  0.9001139322916667  0.4651230226496832  -1.7210856770833334  0.7858862485825083
2.034  0.8999016927083333  0.46109004982785334  -1.72048984375  0.7886081320744105
2.0345  0.8997018229166667  0.49373906855867933  -1.7206356770833333  0.7940318993107313
2.035  -0.210658203125  96.53622163137923  -1.7186153645833333  0.7923643127897404
2.0355  -0.8996399739583333  0.4745956638908676  -1.7198927083333333  0.7887596616832074
2.036  -0.89842421875  0.4915108549494576  -1.7178299479166668  0.7950907298455385
2.0365  -0.898383203125  0.4819609959195235  -1.7179942708333333  0.7952455561276155
2.037  -0.8468934895833333  11.501539240704947  -1.71656328125  0.8220657164604344
2.0375  0.8089170572916666  19.72064842090791  -1.7179013020833334  0.7925617529158926
2.038  0.898446875  0.47550139965653  -1.7171919270833333  0.7981058397920603
2.0385  -0.762683984375  28.375645149089667  -1.7149411458333332  0.8198899650208689
2.039  -0.8976180989583333  0.5142973691637197  -1.7170809895833334  0.8061916614450095
2.0395  -0.527810546875  66.52486513701405  -1.7154309895833333  0.8122442524581707
2.04  -0.8961640625  0.5701686504289236  -1.7148604166666668  0.810312823326469
2.0405  -0.053860677083333336  100.85746012496085  -1.7138197916666666  0.8365667125993753
2.041  0.7158640625  37.006969191266535  -1.7136830729166668  0.8097424074597431
2.0415  -0.897165234375  0.4898450629452006  -1.7149877604166666  0.7977819907063491
2.042  -0.8958881510416666  0.528657316915524  -1.7124263020833332  0.8069714460017713
2.0425  -0.8952592447916666  0.557772721846114  -1.7128817708333333  0.8204402321569708
2.043  -0.6356494791666667  50.624916132695645  -1.7135661458333333  0.8012742586672257
2.0435  -0.193855859375  96.30435669804793  -1.71171796875  0.7983603932813422
2.044  -0.8941049479166666  0.5905117810172889  -1.7105075520833333  0.8213721265873903
2.0445  -0.8940438802083334  0.5537453762104697  -1.7097690104166667  0.8252502227690209
2.045  -0.7536485677083333  29.422697474274578  -1.7091919270833333  0.828439662200952
2.0455  -0.5217615885416667  66.896831962945  -1.7124005208333333  0.8102442153301014
2.046  0.586128125  57.318491400700566  -1.7078138020833333  0.8294174121228094
2.0465  0.081097265625  99.91538099446336  -1.7112125  0.8167915748727294
2.047  0.8449266927083333  11.119669521095833  -1.7080502604166667  0.8215544129141724
2.0475  -0.337799609375  86.11730672016814  -1.70837578125  0.8190958289291226
2.048  0.61062890625  53.70185399182637  -1.7082296875  0.8366510338087756
2.0485  -0.20449973958333334  95.1288920938  -1.70892734375  0.829439363737972
2.049  -0.35551380208333333  84.28575168841678  -1.7062765625  0.83768574100194
2.0495  -0.3202459635416667  87.46216285577572  -1.70716875  0.8204937260396811
2.05  0.08781028645833333  98.84254308373774  -1.7049416666666666  0.8364467885518152
2.0505  -0.6340022135416666  49.82419374176819  -1.7053622395833334  0.8441100289658504
2.051  0.4009602864583333  79.9353748285368  -1.7061057291666666  0.8262833235028995
2.0515  0.097988671875  98.79885263956379  -1.7060546875  0.8255430387978243
2.052  -0.3022208333333333  88.30789483173596  -1.7046018229166666  0.8404020731013118
2.0525  0.8912955729166666  0.610799071043112  -1.70459140625  0.8339202241035845
2.053  -0.5980829427083333  55.14463501344366  -1.7041083333333333  0.8301667119171869
2.0535  -0.30778111979166667  87.9618847942516  -1.7048427083333333  0.8281915460693239
2.054  -0.0282546875  99.15515131379829  -1.7020596354166666  0.8625863210437915
2.0545  -0.22424544270833333  93.1355078409669  -1.7022783854166668  0.8419689490583752
2.055  0.8335938802083334  12.887990622463416  -1.7026119791666667  0.8277689270756899
2.0555  0.8912727864583333  0.5984805108225189  -1.7031895833333333  0.8358601036171158
2.056  0.891318359375  0.5676055354057716  -1.7027247395833334  0.840566566815612
2.0565  0.41073138020833333  78.12215901247863  -1.7010848958333333  0.8490650954912916
2.057  -0.10148203125  97.88611925166606  -1.70148359375  0.8413125744732172
2.0575  -0.498351171875  68.24671051967522  -1.70078125  0.8506274892506891
2.058  -0.001251953125  98.99897961666997  -1.7008046875  0.8465823089526675
2.0585  -0.8899802083333334  0.6062413082611249  -1.7004989583333334  0.8359025583825617
2.059  -0.23068216145833334  92.0408545850513  -1.6986390625  0.8691036354154755
2.0595  -0.20193854166666667  93.99982982708856  -1.7003223958333333  0.8474244841278615
2.06  -0.44089114583333333  74.42519912617988  -1.6973098958333332  0.8535484608030854
2.0605  -0.530954296875  63.611189264672056  -1.6979651041666666  0.8578693082182917
2.061  0.294472265625  88.0399070257978  -1.6981221354166667  0.8387173866250989
2.0615  -0.5031122395833333  67.3369707332764  -1.6987049479166667  0.8556211961368096
2.062  -0.71881015625  34.144830873469324  -1.6955520833333333  0.8662373640446364
2.0625  -0.5469463541666667  61.10521578218855  -1.69625  0.8682147535965611
2.063  0.4983388020833333  67.53164904769719  -1.69584921875  0.8523517217450968
2.0635  -0.4415145833333333  73.90737552284413  -1.6950153645833332  0.8658132477114968
2.064  0.044647135416666664  98.00262748283234  -1.6956684895833334  0.8668546962672528
2.0645  -0.3847516927083333  79.64284611755058  -1.693884375  0.8701433451498969
2.065  -0.682297265625  40.4493202224387  -1.6949138020833334  0.8468158863332097
2.0655  -0.49438229166666664  67.82037498332393  -1.6948151041666666  0.8399450002096547
2.066  -0.18376080729166666  93.56943149065015  -1.6929630208333333  0.8770490793014099
2.0665  -0.299671484375  86.2934898111554  -1.6904895833333333  0.8979145966706849
2.067  -0.608787890625  51.96623807508995  -1.69301640625  0.8696736701784598
2.0675  -0.13093098958333332  95.33126561345392  -1.69036875  0.8952097518894347
2.068  -0.4927834635416667  67.13726122400661  -1.6883986979166667  0.8914728723480224
2.0685000000000002  -0.6494184895833334  45.451996210611206  -1.6917809895833333  0.8798937991273547
2.069  -0.005079427083333333  97.44568997179765  -1.68997734375  0.8771266355663363
2.0695  -0.30795494791666667  85.67034620539549  -1.6901375  0.8654397778197914
2.07  0.24398841145833333  89.66966821708728  -1.6880455729166666  0.8976983733535768
2.0705  -0.8360825520833334  10.806109046316966  -1.6892674479166667  0.8836367005499932
2.071  0.28895221354166667  86.81910246700258  -1.6889122395833334  0.8683027985314072
2.0715  0.11163684895833334  95.51629704295189  -1.6880786458333332  0.887155313465421
2.072  0.24662747395833334  89.51742704939664  -1.68736640625  0.8772113671563571
2.0725  0.8844140625  0.6471165686570317  -1.6890864583333334  0.8640475609316104
2.073  0.057276432291666665  96.47557662319898  -1.68701953125  0.8801456154145352
2.0735  0.196116796875  92.04119381955958  -1.6869330729166667  0.8932952082620268
2.074  -0.12825611979166668  94.89627964520847  -1.6870830729166666  0.8849705213549982
2.0745  -0.6770122395833333  40.17209121233195  -1.6859786458333332  0.8880064546546581
2.075  0.83116484375  11.581550209764057  -1.6862578125  0.8760721887550074
2.0755  0.4678326822916667  69.83824728473854  -1.6868127604166667  0.8792130750778092
2.076  -0.29876484375  85.30538960433225  -1.6846549479166666  0.9123124331131621
2.0765  -0.31290221354166664  84.08657571434097  -1.6827153645833333  0.911626996936046
2.077  0.34723333333333334  81.30839905499384  -1.682159375  0.8895608769098532
2.0775  0.04664596354166667  96.2232487755695  -1.6847515625  0.8922734683346735
2.078  -0.5801102864583333  54.48817629170468  -1.6806643229166667  0.912095189861062
2.0785  -0.48801419270833335  66.50184276145448  -1.68116015625  0.9235564147142123
2.079  0.8662509114583333  3.595115174460796  -1.6817651041666666  0.8991721520380752
2.0795  -0.3456768229166667  81.37894880579434  -1.6823549479166666  0.8975773295388927
2.08  -0.2662154947916667  87.16049356840736  -1.6806325520833334  0.8982681198531292
2.0805  0.17551197916666667  91.8672768368648  -1.68025390625  0.9112482272333842
2.081  -0.47479088541666664  67.97762676857246  -1.6793963541666668  0.9121338359157402
2.0815  -0.011325130208333334  95.44531884197885  -1.6781036458333334  0.915666100348764
2.082  -0.66644375  41.15551575728467  -1.6800309895833334  0.8832124711552313
2.0825  0.807034765625  15.302420816807967  -1.6772505208333333  0.9090873958066961
2.083  -0.088132421875  94.45324989821495  -1.67770078125  0.9099079406833968
2.0835  0.344362109375  80.7700662292829  -1.6775572916666666  0.9117952573233581
2.084  -0.21709361979166666  89.11893843169977  -1.6749408854166667  0.9210437835476084
2.0845  0.774118359375  21.79405224232556  -1.6779744791666666  0.9040274054668939
2.085  -0.6807192708333333  38.29383711827205  -1.6759505208333334  0.9313642511250533
2.0855  0.07671497395833334  94.41009606833684  -1.67571953125  0.9186438824433055
2.086  -0.038846614583333335  94.94057408815884  -1.6763265625  0.9175843413719439
2.0865  0.2687313802083333  86.12392252016726  -1.6755544270833334  0.919832589183675
2.087  0.62043359375  47.49708832267709  -1.67346015625  0.9300567928691948
2.0875  0.4110029947916667  74.02327085618555  -1.6739919270833334  0.9281608414269051
2.088  -0.15936510416666666  91.41088645231348  -1.67267890625  0.9439077189915408
2.0885  -0.42802877604166667  72.37983355004381  -1.6740903645833334  0.921198991066035
2.089  0.6456665364583334  43.493842870390445  -1.6731494791666666  0.9355287969841821
2.0895  0.04629348958333333  94.29673835206953  -1.6733075520833334  0.934617272997149
2.09  -0.873108203125  0.8429040573477407  -1.67076953125  0.9375550072900861
2.0905  -0.505536328125  62.78096671333735  -1.6696229166666667  0.9452681376717673
2.091  0.27441770833333334  85.12207370463362  -1.6715684895833334  0.9272162304944799
2.0915  0.7940809895833333  16.91490431308439  -1.67024375  0.9548455872725456
2.092  0.343643359375  79.71711602491759  -1.6702111979166667  0.9414503633296855
2.0925  0.054760546875  93.59252983804386  -1.668784375  0.9579961692091452
2.093  0.22016302083333333  88.25302661089214  -1.6698625  0.9317832228359924
2.0935  -0.27312955729166666  84.81248977235879  -1.6681315104166667  0.9278648995346508
2.094  -0.7037397135416666  33.54243741244619  -1.6694942708333333  0.9177863835569816
2.0945  -0.48236067708333336  65.21278637979596  -1.66681796875  0.9440964918488122
2.095  0.38298723958333336  75.63593799521844  -1.66628515625  0.956279179375911
2.0955  -0.07918736979166667  93.1318934313588  -1.6683731770833334  0.9334024973427881
2.096  -0.6978071614583333  34.0080251088362  -1.6653815104166667  0.9534194382466099
2.0965  0.2530436197916667  85.55488295094794  -1.6658028645833334  0.9600293531438273
2.097  0.6856649739583334  36.26766968551096  -1.66732109375  0.9439664768716512
2.0975  0.73191875  28.10202611720303  -1.66598671875  0.9287898416275968
2.098  0.28123580729166664  83.46698477741492  -1.6637872395833333  0.9581694960858144
2.0985  0.3283348958333333  79.81142416842057  -1.66337109375  0.9733714484807618
2.099  -0.08001666666666667  92.42451270035995  -1.6631838541666666  0.946271430158526
2.0995  -0.142416796875  90.44304260372634  -1.6619934895833333  0.9625075902030014
2.1  -0.38586953125  74.88255072651289  -1.6633703125  0.9654223947940513
2.1005  -0.3715760416666667  76.18603300550134  -1.6624614583333333  0.9536288950798285
2.101  -0.09083541666666667  91.95224041078323  -1.6620223958333333  0.95129738200199
2.1015  0.303605859375  81.77957719880764  -1.6627606770833334  0.9436763291769453
2.102  0.6880381510416667  35.01331746367341  -1.66106796875  0.9719432006844746
2.1025  -0.10227486979166667  91.11781883372763  -1.6585140625  0.9629308670339839
2.103  -0.38934453125  73.97556023728502  -1.6591263020833333  0.9634301362007603
2.1035  0.17208645833333333  88.79398250482001  -1.659175  0.971605877120394
2.104  -0.19174231770833333  88.15653504411033  -1.6600661458333332  0.939599563191839
2.1045  -0.33379713541666667  78.65058982437601  -1.6570666666666667  0.9590825428738533
2.105  -0.352909765625  77.0047113346014  -1.6568010416666668  0.97906131945893
2.1055  0.46403645833333335  65.67911018430564  -1.65578359375  1.007768800106965
2.106  0.025749479166666665  91.85920403605441  -1.6553924479166666  0.9867297810231328
2.1065  -0.32178450520833335  79.55856314650875  -1.6575036458333334  0.9795239661602666
2.107  0.045469010416666664  91.36300559641636  -1.6548151041666668  0.9885686260307857
2.1075  -0.24552486979166666  84.32155272142934  -1.6535635416666667  0.9941828609560436
2.108  0.48264270833333334  63.714448932110486  -1.6558442708333334  0.9592425548519947
2.1085  -0.430709765625  68.90902494079643  -1.65301484375  0.9811678429082137
2.109  -0.45800260416666666  66.37176417453638  -1.6553138020833333  0.9650507360469625
2.1095  -0.361422265625  75.58889631081738  -1.6525731770833334  0.9808758766342587
2.11  -0.13711419270833333  89.26688293310418  -1.6534260416666666  0.981543383958633
2.1105  0.12692682291666665  89.3304956270154  -1.6526643229166667  1.0028791589147232
2.111  0.33073307291666665  78.02949102399303  -1.6515361979166667  0.9877313946263223
2.1115  0.2841029947916667  81.40709130900025  -1.6507541666666667  0.986173217926298
2.112  -0.201863671875  85.9596027454538  -1.6492489583333334  1.0244509450840134
2.1125  0.0728515625  90.02420913461539  -1.6478825520833333  1.0138217181899247
2.113  -0.251255078125  83.36992458573046  -1.65010078125  0.9968087803670225
2.1135  -0.19567604166666666  86.5126912407013  -1.6504143229166666  0.9744743318040276
2.114  -0.21326927083333333  85.30992207935851  -1.6489635416666666  1.0025606593491925
2.1145  0.7505811197916666  22.347677128554732  -1.6458080729166666  1.0092890339670484
2.115  -0.821114453125  9.131195180586339  -1.6482572916666667  0.9990010048057318
2.1155  0.260882421875  82.36384848167421  -1.6473052083333333  1.0099383213873603
2.116  0.17803880208333334  86.43398042394422  -1.6449682291666667  0.999447768613209
2.1165  0.538933984375  55.39263435652537  -1.6466359375  1.001936335039224
2.117  -0.16072395833333333  87.21013781950349  -1.6459270833333333  1.016066704365759
2.1175  -0.3848567708333333  72.64220654187983  -1.6466588541666667  0.996990214864242
2.118  -0.320965625  77.47331462740007  -1.64293125  1.023765499222314
2.1185  0.291059765625  79.8341745811514  -1.64375390625  1.0156518775554124
2.119  0.31208723958333334  78.3205396755463  -1.643678125  1.0064670496595862
2.1195  0.06610481770833333  89.67092605857113  -1.64456015625  1.0117201648896184
2.12  -0.430248046875  67.48718702292771  -1.6419010416666666  1.0034213487277894
2.1205  0.22201002604166667  83.94695058619028  -1.6432020833333334  1.018182203350584
2.121  -0.42102838541666665  68.17145870166557  -1.6409203125  1.0222583904135274
2.1215  -0.31380260416666667  77.67984744477832  -1.6406955729166666  1.0276462466587972
2.122  0.4674459635416667  63.24949381106455  -1.64054140625  1.026026524206966
2.1225  -0.017744921875  89.29868216905305  -1.6393669270833333  1.0513424241418778
2.123  -0.33841510416666665  75.88884238927486  -1.64110390625  1.0022424647176633
2.1235  -0.06494713541666666  88.74616630032146  -1.6381877604166666  1.02088645258559
2.124  -0.40171692708333334  69.93880940991022  -1.6399869791666666  1.023313054952058
2.1245  0.022159244791666668  88.78753539744442  -1.6360973958333334  1.0480359535293908
2.125  -0.08513151041666667  88.21577051450164  -1.6370018229166667  1.0338525506766485
2.1255  -0.3824578125  71.18178520867637  -1.6351682291666667  1.0243866597680682
2.126  -0.150746875  86.33065263875824  -1.6373763020833334  1.0131908761580923
2.1265  0.34419388020833336  74.37480740457511  -1.6354171875  1.0430650186079875
2.127  -0.03532903645833333  87.78975849337675  -1.6308026041666666  1.0780715120186302
2.1275  0.019533333333333333  88.77637999360229  -1.6354125  1.0233095191344443
2.128  0.10674036458333333  87.29591146087058  -1.6341919270833334  1.0477436973062884
2.1285  -0.382576171875  70.63980699635039  -1.6334330729166666  1.0779344348200985
2.129  0.16623125  85.12006912165337  -1.63289765625  1.0351103385996008
2.1295  -0.3664645833333333  72.10240669940778  -1.63235859375  1.0650786198985471
2.13  0.5579251302083333  50.656269382040215  -1.63069765625  1.0542107548312407
2.1305  0.07584752604166667  87.55811014653047  -1.6321934895833334  1.0653417817934083
2.1310000000000002  -0.068227734375  87.5655522232141  -1.6313291666666667  1.0526624459153644
2.1315  -0.4411782552083333  64.86460201393572  -1.6314963541666667  1.0365937197334854
2.132  -0.15420481770833333  85.30363107425336  -1.6316544270833333  1.0475233817533092
2.1325  -0.29146263020833335  77.7643908845232  -1.63037421875  1.0528949165119228
2.133  0.08266979166666667  86.57124174428297  -1.6272984375  1.0704462655304674
2.1335  -0.218055859375  82.09885425707097  -1.6294072916666666  1.0475347500785084
2.134  0.04266809895833333  87.44790728751555  -1.6284450520833333  1.0457455895634322
2.1345  0.23191588541666666  80.81348643768219  -1.6259895833333333  1.0837804165290497
2.135  -0.138480078125  84.99618393074869  -1.625778125  1.0802115035640374
2.1355  0.07277057291666666  86.36444484507109  -1.6234151041666667  1.0983335227220123
2.136  0.081325  86.89994680360486  -1.6277606770833333  1.0589397366008886
2.1365  0.3470484375  73.0869742703214  -1.6273041666666668  1.051205807920682
2.137  -0.6048940104166667  43.61723688737294  -1.6263888020833333  1.0542827126938275
2.1375  -0.20080729166666667  82.21177574723845  -1.6238052083333334  1.0694707593067556
2.138  0.28831588541666664  76.8948508658712  -1.6224578125  1.0705098502023627
2.1385  -0.08466328125  85.7922302313976  -1.6224799479166667  1.0728375240383017
2.1390000000000002  0.6026708333333334  43.559340476338875  -1.6240611979166666  1.0690161592813654
2.1395  0.193791015625  81.89432954378091  -1.6204481770833334  1.10025101528355
2.14  0.03916432291666667  86.55229870131588  -1.6218703125  1.0661890946170534
2.1405  -0.23736419270833334  79.69731386616047  -1.6209315104166666  1.0826438143925814
2.141  0.21960729166666668  80.25840406494888  -1.6189953125  1.1211834857205618
2.1415  0.3541631510416667  71.43652136367413  -1.6204911458333333  1.0801348953908638
2.142  -0.24622174479166667  79.08451869057143  -1.6201625  1.0957407814251294
2.1425  0.18332291666666667  82.49514657396603  -1.620409375  1.067939115718044
2.143  -0.07509231770833333  85.16204282134461  -1.61658515625  1.109455442022425
2.1435  0.043178645833333335  85.84404093418733  -1.6174890625  1.079929356671063
2.144  0.17662213541666666  82.08895960917256  -1.6162559895833333  1.1090502476429727
2.1445  0.36248372395833334  70.43928517957558  -1.6174072916666666  1.0744250660557861
2.145  -0.15121354166666667  83.34608929357678  -1.617871875  1.0687131521418183
2.1455  0.40910625  65.51316323390041  -1.6145700520833333  1.1094827096751554
2.146  0.5191959635416666  53.81642099273641  -1.6171372395833334  1.079315499012289
2.1465  -0.4084328125  65.53950254998446  -1.6144388020833333  1.1185403634215376
2.147  -0.09885807291666666  84.14763673613537  -1.6129833333333334  1.1149789195183737
2.1475  -0.17478020833333333  81.69643879886173  -1.61278984375  1.1086555406291847
2.148  -0.18207890625  81.60335440033849  -1.61427109375  1.0929143254303781
2.1485  -0.04273372395833333  85.1224594314327  -1.61378046875  1.1055174481637458
2.149  0.24340677083333334  78.24999789045938  -1.6129317708333333  1.0924746869175348
2.1495  0.50700546875  54.669011415760444  -1.6120028645833333  1.103306025966183
2.15  0.24177083333333332  78.2400907622739  -1.6124010416666668  1.1001022159124774
2.1505  -0.542918359375  49.66125023054837  -1.6098190104166668  1.1191487195849963
2.151  -0.06987057291666667  83.7676335150237  -1.6075286458333333  1.1469097381244164
2.1515  -0.14558815104166667  82.69805149328754  -1.6121283854166666  1.0854845403513198
2.152  -0.4108640625  64.60863265499148  -1.60875703125  1.1064197534059224
2.1525  -0.030721614583333334  84.06316099786262  -1.60598984375  1.12905942379661
2.153  0.20749140625  79.61284446211198  -1.6085578125  1.1212144123007157
2.1535  -0.04350390625  84.09359817170207  -1.6067356770833334  1.1523845829021957
2.154  -0.07191276041666667  83.36392208758092  -1.6043213541666668  1.1288858728847009
2.1545  0.01936575520833333  83.98042917391692  -1.6049755208333334  1.146280337456034
2.155  0.36892825520833333  68.1936033164133  -1.60706796875  1.1128266447769797
2.1555  0.18124322916666666  80.06961174356942  -1.6038669270833332  1.109117833941696
2.156  -0.392468359375  65.80782852309567  -1.6043479166666668  1.1199655774070776
2.1565  0.024710026041666666  83.34635998014522  -1.6015971354166667  1.14833267228847
2.157  -0.21605169270833333  78.3671630666125  -1.6028854166666666  1.1391718041819845
2.1575  -0.12930208333333335  81.15832801918371  -1.5991859375  1.1700965747769017
2.158  0.111508203125  82.06395022660956  -1.6016057291666668  1.1301348771997617
2.1585  -0.21846875  77.52861509728977  -1.5992255208333332  1.1490325486230843
2.159  0.32680247395833334  70.56547900131997  -1.59907734375  1.1705643492122169
2.1595  0.16986901041666666  80.2525085683334  -1.6024703125  1.1112051932851628
2.16  0.08321731770833334  82.38104686318279  -1.5987927083333333  1.1544001556903396
2.1605  -0.09074700520833333  82.12059033007206  -1.59866484375  1.1381133171797135
2.161  0.11593372395833333  81.51079888096552  -1.5985721354166667  1.1431399538092157
2.1615  -0.180054296875  78.792599509148  -1.5954010416666666  1.1751242520874428
2.162  -0.022872526041666667  82.71323875679147  -1.5971828125  1.1554662446037534
2.1625  -0.256538671875  75.31071723047327  -1.5981575520833333  1.1378717942649441
2.163  -0.29872122395833334  72.73536324284166  -1.5991572916666668  1.1280711295246126
2.1635  0.18691315104166667  78.24769187287951  -1.5939638020833333  1.1700020702742198
2.164  -0.13824322916666668  79.66613107706279  -1.5910565104166667  1.1957015219106313
2.1645  -0.16708541666666665  78.84423184671851  -1.5920140625  1.1629642790701769
2.165  -0.17460833333333334  78.7421056580703  -1.5932236979166667  1.1660983946576726
2.1655  -0.0004772135416666667  81.46562321172739  -1.5884223958333332  1.205910713359242
2.166  -0.15341640625  79.32676219156376  -1.5915770833333334  1.175237230225735
2.1665  -0.15951549479166666  78.95648299820938  -1.591628125  1.1598740347634988
2.167  0.218659375  76.21877811182895  -1.5907294270833334  1.1726663825846846
2.1675  0.057452213541666665  81.59831543098608  -1.5908578125  1.183240737281874
2.168  0.0649453125  81.09409376201184  -1.5885489583333334  1.187436755437356
2.1685  -0.27351458333333334  72.89264182217612  -1.5904442708333333  1.1983644186489493
2.169  -0.4436908854166667  58.324705961456566  -1.5893216145833333  1.2061605171518865
2.1695  0.10415625  79.88385171314434  -1.5859815104166666  1.2128446998811373
2.17  -0.07392265625  80.97438145826133  -1.58797890625  1.1710408823915943
2.1705  0.05135286458333333  81.10117086096874  -1.5869505208333334  1.1772474892013751
2.171  0.23946953125  74.0866701615279  -1.5836450520833334  1.178968563683873
2.1715  -0.026170052083333332  81.1239242503182  -1.5852140625  1.1805678148377405
2.172  0.28432018229166667  71.3120365789479  -1.5839859375  1.2090038211737604
2.1725  -0.18078125  76.61751678174147  -1.58224296875  1.2344479044534948
2.173  -0.0033916666666666665  80.65924864997187  -1.5825200520833334  1.2038763230167138
2.1735  0.11924752604166666  79.06378911533616  -1.5830018229166667  1.1922931122308456
2.174  -0.16006809895833332  77.54876815504056  -1.5818283854166666  1.1908046071366496
2.1745  0.011704296875  80.68515365058178  -1.5819333333333334  1.1932595418316694
2.175  0.15076145833333332  78.07735737726694  -1.582359375  1.1954554850927026
2.1755  -0.19773815104166667  76.1285764055657  -1.58224609375  1.1812045883605093
2.176  0.19503645833333333  75.53237557125713  -1.5783588541666667  1.221051278809121
2.1765  -0.006635677083333334  80.23995407572524  -1.5795221354166666  1.2111423938786532
2.177  0.03304817708333333  79.8658268496322  -1.5790385416666666  1.2158496177529938
2.1775  0.21739583333333334  74.8323633435387  -1.5802447916666666  1.1678404043839175
2.178  0.10366575520833334  78.61780809314538  -1.57722890625  1.2341387469655378
2.1785  -0.21392786458333332  74.67939443480957  -1.5783192708333333  1.1992689712525684
2.179  0.2617647135416667  72.08806456554795  -1.5780661458333334  1.1886567070357135
2.1795  0.020790885416666665  79.7179731385177  -1.5764229166666666  1.2094123450849068
2.18  -0.07608854166666666  78.92715873152396  -1.5746341145833334  1.2276494726312042
2.1805  0.022287760416666667  79.41192345485715  -1.5740028645833333  1.2253274631830402
2.181  -0.045756901041666666  78.97623964269822  -1.5734692708333333  1.242918358717314
2.1814999999999998  -0.25155299479166665  71.838731247515  -1.5741140625  1.2164582341888162
2.182  -0.12825885416666666  77.28915773789973  -1.5724921875  1.2449017608114579
2.1825  0.065434375  79.19933007331042  -1.5747552083333334  1.1876592355828994
2.183  0.005430338541666667  78.79033828513698  -1.5710455729166666  1.2490179237952985
2.1835  0.3358079427083333  65.79560249451178  -1.57148125  1.2383183729404483
2.184  -0.14785572916666667  76.26032333673561  -1.5700703125  1.2467417746730751
2.1845  0.14762838541666667  76.28580963854398  -1.56994140625  1.222075155260305
2.185  -0.17826393229166668  74.7740363779061  -1.5686119791666666  1.2504427678343595
2.1855  0.001721875  79.13342573095402  -1.5710578125  1.2167339047928223
2.186  -0.0521265625  78.36515525284004  -1.5685346354166667  1.2344868139580252
2.1865  -0.15467734375  75.47423354230982  -1.56622734375  1.234956248061779
2.187  0.252628515625  71.01508714894952  -1.5664979166666666  1.247690402249233
2.1875  -0.41399908854166667  57.77036702942658  -1.5628106770833334  1.2341540743800223
2.188  0.15850078125  75.62432347646727  -1.5687768229166668  1.23344585379335
2.1885  0.2943635416666667  67.8626175118676  -1.5653486979166666  1.234816266501303
2.189  0.08129583333333333  77.2165479784021  -1.5644604166666667  1.2496405012358147
2.1895  0.10626822916666667  76.82587582702163  -1.5649609375  1.2309678950236944
2.19  -0.10033346354166667  77.05669949676363  -1.56498203125  1.246445245583659
2.1905  0.05570924479166667  77.4514730682663  -1.5627494791666667  1.2418270375780553
2.191  -0.17859986979166667  74.62866866860445  -1.5656888020833333  1.2101881907735386
2.1915  0.062564453125  76.99033254860754  -1.5607111979166666  1.2317102503853063
2.192  -0.07594674479166667  77.02414208342637  -1.56203828125  1.265746154974845
2.1925  -0.018660416666666665  77.30191354415305  -1.5602822916666668  1.2585945261313254
2.193  0.00137578125  77.40767633371807  -1.5607486979166667  1.2424577706898758
2.1935000000000002  0.104758203125  76.07526043873114  -1.5606278645833334  1.245236385458571
2.194  0.15378541666666667  74.05262681922922  -1.55729921875  1.2919079544396428
2.1945  0.16740325520833332  74.04089243458829  -1.5593359375  1.2507287868050763
2.195  0.061578776041666665  76.1121830793925  -1.5561885416666668  1.2814237230100645
2.1955  -0.03436979166666667  76.42225361218655  -1.5557958333333333  1.2820757749030811
2.196  -0.07929244791666666  75.65112303866088  -1.553515625  1.259711008099128
2.1965  0.14649791666666667  74.13165829868224  -1.5554705729166667  1.2510455501681528
2.197  0.15863541666666667  73.13381247787386  -1.55260390625  1.2984119586584788
2.1975  -0.03354453125  76.15586846067976  -1.5534690104166666  1.309101535293311
2.198  -0.1150859375  74.64496089484759  -1.55311796875  1.3033851111117882
2.1985  -0.18812083333333332  72.00950850756828  -1.5525356770833334  1.263553114333883
2.199  -0.11430625  74.8372287111566  -1.5540388020833333  1.271231284983875
2.1995  0.05435403645833333  76.03356843505904  -1.55310625  1.2669626021317089
2.2  0.056302473958333335  75.65930197599234  -1.55129453125  1.2749622831977432
2.2005  0.032612239583333334  75.49052840452138  -1.5496  1.2913884633333683
2.201  0.0031899739583333333  75.43667362964554  -1.54758359375  1.2975360633358692
2.2015000000000002  -0.07494622395833334  74.07805305061692  -1.5428591145833332  1.3157262101298486
2.202  -0.04812799479166667  75.52160555167453  -1.5491494791666667  1.285744600784821
2.2025  -0.11668971354166667  74.0661945955334  -1.54889140625  1.2580709770803302
2.203  0.029303776041666667  75.01773640267808  -1.5458515625  1.311891563439436
2.2035  0.03186041666666667  74.83329358961753  -1.54445546875  1.3344490574774537
2.204  -0.17710390625  71.5571033550032  -1.5461359375  1.2744321156801715
2.2045  0.06690559895833334  74.6104044850948  -1.5454890625  1.2994500539483282
2.205  -0.17934036458333333  70.69769316193468  -1.54082109375  1.3275851175371969
2.2055  -0.49168671875  46.954425663044105  -1.54354375  1.295670219695449
2.206  0.07959049479166666  73.78733045170172  -1.5414552083333333  1.3049019624195013
2.2065  0.06465546875  73.82572875965423  -1.5405330729166666  1.3266251068216501
2.207  0.30574296875  63.9494509514471  -1.5434638020833333  1.3093916973336661
2.2075  -0.024259895833333333  74.46934493390587  -1.5418205729166667  1.3084012796519424
2.208  0.043458463541666666  74.00378668572418  -1.5392346354166666  1.3306058737672437
2.2085  0.08181979166666667  73.35784964857999  -1.5391427083333333  1.3191990351946772
2.209  0.0536453125  73.91461849564283  -1.53986484375  1.3174601369625774
2.2095  0.051982942708333334  74.41922479939647  -1.54121875  1.2762144574361536
2.21  0.09226236979166667  73.07779170078989  -1.5381541666666667  1.3311918672608771
2.2105  0.09315690104166667  72.59054691618404  -1.5348463541666666  1.3358314432170901
2.211  -0.06596627604166666  73.42659285320362  -1.53830859375  1.3261983013049798
2.2115  0.0033666666666666667  74.27516247783052  -1.5383729166666666  1.2867072748780102
2.212  0.0021173177083333335  72.7634500732255  -1.5299424479166666  1.3669771260545864
2.2125  -0.0914390625  72.11386913154425  -1.5317791666666667  1.3331356853465584
2.213  -0.038492317708333335  72.67745959081556  -1.53041328125  1.3451727311495536
2.2135  0.18228177083333333  69.21756149571443  -1.5317494791666666  1.3546453985807745
2.214  0.002640234375  72.93904184402406  -1.5306140625  1.3506730089763714
2.2145  -0.07103671875  73.00481466877869  -1.534659375  1.330847741227023
2.215  0.042893229166666665  72.6193905654314  -1.5300401041666667  1.3297444073458735
2.2155  -0.13497552083333333  71.08186506654503  -1.5321057291666667  1.3323215804852078
2.216  0.11415078125  70.8943080553597  -1.5280098958333332  1.3543964271977649
2.2165  0.23880104166666666  66.1095186196957  -1.5287505208333334  1.338710822356615
2.217  0.004753385416666667  71.77311195364574  -1.5239908854166666  1.3881867016174192
2.2175  -0.09014244791666666  71.38197673486629  -1.5262638020833332  1.3534779317231773
2.218  -0.06756341145833333  72.48049501324195  -1.5300614583333334  1.3085702057872945
2.2185  -0.10028736979166666  70.79515140428772  -1.5236731770833334  1.355007625768276
2.219  -0.16985794270833332  68.80988990465669  -1.5247158854166667  1.3318851179093416
2.2195  -0.120850390625  69.8252139864283  -1.5218049479166667  1.3884614660752594
2.22  0.091249609375  70.90466228883375  -1.523859375  1.359640945844487
2.2205  0.050952734375  71.79553205591951  -1.5241895833333334  1.3373932246263673
2.221  -0.19900794270833333  66.7055444143478  -1.5197276041666667  1.3715366908435114
2.2215  0.14296861979166667  70.17610609385355  -1.52670234375  1.3331439389497062
2.222  -0.063094140625  70.92330623498091  -1.5203893229166667  1.376506747262116
2.2225  0.06899036458333334  70.22380197843238  -1.5173330729166667  1.3947910600003555
2.223  -0.12214348958333333  69.13223833407527  -1.5168979166666667  1.3741689630401661
2.2235  -0.036316666666666664  70.76512024385977  -1.5167028645833334  1.370157490140121
2.224  0.2932559895833333  61.73005200051677  -1.52163125  1.360307647766672
2.2245  -0.17455091145833335  68.20182507538952  -1.5212794270833334  1.3452957657004272
2.225  -0.11834609375  69.35978211921817  -1.51751640625  1.355327150159913
2.2255  -0.12908893229166668  68.87357372795246  -1.5167955729166667  1.3677314410995254
2.226  -0.12973541666666666  68.37118267807227  -1.5139122395833333  1.3918858264365477
2.2265  -0.1333546875  68.63252290337974  -1.5150747395833333  1.3647372812466023
2.227  0.026052734375  71.305908493565  -1.5190182291666667  1.331576445719712
2.2275  -0.13414375  68.34178870071081  -1.5130940104166666  1.3627749171440353
2.228  0.023113932291666667  69.94361559315895  -1.5118450520833333  1.4095595014137807
2.2285  0.04393841145833333  70.05184537702671  -1.5131520833333334  1.363063700218511
2.229  -0.014686067708333334  69.53581370078876  -1.5088020833333333  1.415238815466583
2.2295  -0.022983203125  70.10773764140994  -1.5110489583333333  1.386595731844316
2.23  0.037918229166666664  69.34262808890757  -1.5081174479166666  1.395895995039677
2.2305  -0.09946328125  68.61029688067417  -1.5083130208333333  1.3862866605212363
2.231  0.158766015625  66.6720881457131  -1.5076359375  1.3769822708677104
2.2315  0.06290950520833333  69.57883525533826  -1.5109174479166667  1.3762268681870438
2.232  0.030313802083333334  69.65997381812991  -1.5085739583333333  1.3697345723953542
2.2325  0.25753151041666666  62.21773450727106  -1.5088143229166666  1.3810628941335434
2.233  0.18549153645833333  64.74929134590789  -1.5026604166666666  1.4568952138331617
2.2335  0.20604192708333333  64.45554131220774  -1.50680078125  1.397955419532063
2.234  -0.028451692708333334  69.16122091376447  -1.5060838541666666  1.3804007549017956
2.2345  -0.074704296875  69.18364406684124  -1.5075145833333334  1.3848523662192476
2.235  -0.12425651041666666  66.46993808239344  -1.4991888020833333  1.4269771964691793
2.2355  -0.21747395833333333  63.320657586545394  -1.50180625  1.3859394459415768
2.236  0.0351296875  68.75135907060599  -1.503553125  1.3995703760455287
2.2365  0.04138515625  68.03696120735991  -1.4992971354166666  1.4310818729900598
2.237  0.07497734375  68.43884414294162  -1.50320546875  1.376823631258316
2.2375  -0.045911458333333335  66.83263237119802  -1.49200625  1.4425196730023053
2.238  0.0011869791666666667  68.92874834484533  -1.5025963541666667  1.3985857329709435
2.2385  0.08865833333333334  67.16818398431488  -1.4973424479166666  1.3951059756791018
2.239  -0.007998697916666667  67.15317826019026  -1.4912408854166668  1.4305916288607112
2.2395  -0.323253125  56.28985559723153  -1.4989614583333333  1.4165592863222243
2.24  0.12764622395833333  65.52036659007432  -1.4948  1.413462248219606
2.2405  -0.054082291666666664  67.01390825324208  -1.49325859375  1.4478257993888222
2.241  0.20109348958333334  62.888284731510915  -1.4936549479166668  1.4187073669393104
2.2415  -0.044583333333333336  67.39868035417751  -1.4941794270833333  1.413398112216231
2.242  -0.105772265625  66.14760577430981  -1.4939263020833333  1.4338528435261304
2.2425  -0.063730859375  67.46738151243147  -1.4960385416666666  1.4068508743446473
2.243  0.03019479166666667  67.33290926165354  -1.4938075520833334  1.4202619129859286
2.2435  -0.038173697916666666  66.57202629688697  -1.4882005208333333  1.4616649516554197
2.2439999999999998  0.11588528645833333  65.92339015151322  -1.49391796875  1.4206076378649184
2.2445  0.011602734375  67.05185508658317  -1.4910143229166666  1.4269242865742875
2.245  -0.0308640625  66.49047415302523  -1.4881872395833333  1.4583912712038787
2.2455  0.04008723958333334  66.01022527906895  -1.4871278645833332  1.46088803078984
2.246  -0.11309713541666666  64.70677276694835  -1.4852481770833332  1.4501241759333763
2.2465  -0.18386158854166668  62.88356743350574  -1.4883661458333333  1.4365978794814893
2.247  -0.07412265625  65.62872799410789  -1.4856322916666667  1.4397205444452357
2.2475  0.062319661458333335  65.43403654866326  -1.4823588541666666  1.4437656440937832
2.248  -0.0076166666666666666  65.53537754621391  -1.4806380208333334  1.4675881243187245
2.2485  0.10373971354166667  64.72355750314831  -1.48323046875  1.4255801947858027
2.249  0.01716796875  65.58270407507503  -1.4822091145833334  1.4771386720562663
2.2495  0.0419953125  66.0208799282248  -1.4843677083333333  1.4152861451313226
2.25  -0.009938151041666666  65.73619435643324  -1.48274453125  1.44787441659465
2.2505  0.15846171875  62.257621600685944  -1.4774877604166667  1.4534756680876566
2.251  -0.029448177083333332  65.00538123055648  -1.4786130208333332  1.4823628473589272
2.2515  -0.031745052083333336  65.24638193518365  -1.4794927083333334  1.4192913171869797
2.252  -0.009769921875  65.0283912542844  -1.4782283854166667  1.4787941385302346
2.2525  0.076040234375  64.9367707714403  -1.4801841145833334  1.4064486635647642
2.253  0.034943619791666665  65.19779178169655  -1.4778861979166666  1.4398256798926217
2.2535  -0.0922  64.24677171695882  -1.4782713541666668  1.4522196905572926
2.254  0.05066184895833333  64.29191044453187  -1.4743721354166666  1.4425796263409898
2.2545  -0.099978515625  63.628393507689466  -1.47403515625  1.4541512853009686
2.255  -0.054298958333333334  64.96351297992116  -1.4774981770833333  1.428092134745197
2.2555  0.10169635416666667  63.890903068764004  -1.47622109375  1.450762777961857
2.2560000000000002  -0.102351953125  62.82638246318266  -1.4707190104166667  1.4778455467222562
2.2565  0.0005971354166666667  64.12318435131071  -1.4708520833333334  1.4950752456345444
2.257  0.002026432291666667  64.23806424193981  -1.47112890625  1.4744705448312612
2.2575  -0.047562890625  64.22632450072099  -1.4729859375  1.4485267081509483
2.258  -0.04048216145833333  63.54998543871597  -1.4694950520833334  1.4889038237824093
2.2585  0.06826223958333333  63.40918471477351  -1.4693427083333332  1.471044624172567
2.259  0.0009475260416666667  63.942536154131545  -1.46939609375  1.4635579161739953
2.2595  -0.08124778645833333  62.8203442634782  -1.4663416666666667  1.489436431892179
2.26  0.00012122395833333333  63.29110648898222  -1.4652125  1.5005679001226888
2.2605  -0.140926953125  61.71242504546491  -1.46895703125  1.4639397562801069
2.261  -0.028663411458333333  63.18876949146571  -1.4649755208333333  1.4716504030187585
2.2615  -0.050459765625  63.42447978856332  -1.4671890625  1.4506104328387028
2.262  -0.076410546875  62.310724688449795  -1.4630239583333333  1.5021255735313244
2.2625  0.1147875  60.786439651197036  -1.4599369791666668  1.5147360141496193
2.263  0.026178515625  62.83939797566031  -1.4626190104166668  1.4902707270838493
2.2635  0.01030390625  62.865983286323726  -1.4621440104166668  1.4817602365060178
2.2640000000000002  -0.075425390625  62.236256891362295  -1.4632010416666668  1.4772576777323796
2.2645  -0.06334700520833333  62.68562409720497  -1.4641921875  1.4739105789756575
2.265  -0.009549739583333333  62.63634372515789  -1.4605049479166667  1.4656606228250386
2.2655  -0.14349114583333333  60.078132417757914  -1.4587479166666666  1.4939198209983229
2.266  -0.009679036458333333  62.42782736300925  -1.4585122395833334  1.4722032854756533
2.2665  -0.122071875  59.55572922383999  -1.4524625  1.5228492647986231
2.267  -0.10002513020833333  61.0520837444842  -1.4566348958333333  1.469577550824099
2.2675  0.005802083333333334  61.845628304544896  -1.4549895833333333  1.524364496752448
2.268  0.08989869791666667  60.44879035217489  -1.45205859375  1.5132916184717469
2.2685  0.03522786458333333  62.28603943482447  -1.4573286458333334  1.4543922591484453
2.269  -0.06580520833333334  60.84331052543949  -1.4519684895833334  1.496621589048609
2.2695  -0.009649609375  61.26707714491192  -1.4524416666666666  1.5096743184433103
2.27  0.10531692708333333  60.57108357892041  -1.4546700520833333  1.4950295636889228
2.2705  -0.06137122395833333  60.89211908100998  -1.4511716145833333  1.508361365058572
2.271  0.06610130208333333  60.60049131530866  -1.4501408854166666  1.5184869383348478
2.2715  -0.045486588541666664  61.45411989223157  -1.4542338541666666  1.4887659642771602
2.2720000000000002  -0.09098697916666666  59.551611694144896  -1.44713984375  1.5219005751652324
2.2725  0.0063536458333333335  61.24798334247037  -1.44983515625  1.4858563293136962
2.273  -0.045257421875  60.21680286903435  -1.4454432291666666  1.5012625416917227
2.2735  -0.010623567708333333  59.935550101484424  -1.44305703125  1.5104337003820305
2.274  0.020634765625  60.209708812739336  -1.4451901041666666  1.538299346518476
2.2745  0.238954296875  54.437452907535764  -1.4478940104166667  1.4881443378945098
2.275  -0.118944921875  58.899169969076226  -1.4465515625  1.510041599364006
2.2755  -0.005310286458333333  59.59716707353504  -1.4398229166666667  1.5070494979547415
2.276  0.06181276041666667  58.94001259885002  -1.4392182291666666  1.52416041622213
2.2765  -0.08183723958333333  59.09289376490927  -1.4417705729166668  1.5255464727113752
2.277  -0.16180703125  57.172700640759956  -1.4426744791666666  1.4954714682157202
2.2775  -0.033019140625  59.82495405962427  -1.4409203125  1.509650309567603
2.278  -0.029430078125  60.08873498521295  -1.4413583333333333  1.492152192008682
2.2785  -0.10407591145833334  58.73180282431599  -1.4409221354166666  1.5017627284669415
2.279  0.059514583333333336  59.289517337526206  -1.4398893229166667  1.5168033456965513
2.2795  0.07288619791666667  59.27603805895999  -1.4405361979166666  1.4932149500516139
2.2800000000000002  -0.07036575520833334  58.3899084215076  -1.4363135416666666  1.5312431965711768
2.2805  -0.04788072916666666  58.86343291672757  -1.4363453125  1.5108921583303072
2.281  -0.04028893229166667  58.847350893931676  -1.43619765625  1.5143881064891846
2.2815  0.022513020833333335  58.998088318327376  -1.4354401041666667  1.5369760164887432
2.282  0.06564635416666667  58.75808938975923  -1.43575546875  1.4941815951964432
2.2825  0.030663411458333335  58.435366551385464  -1.4341924479166666  1.5449415725199733
2.283  -0.05537278645833334  59.11845768396657  -1.437171875  1.4781320447201243
2.2835  0.013974479166666666  58.570759887933974  -1.4323411458333333  1.5235321867550178
2.284  -0.021995703125  58.51390692017956  -1.4326036458333333  1.531260734832908
2.2845  -0.061188020833333336  57.83354557704701  -1.4309588541666667  1.5271249209257038
2.285  -0.084519140625  56.94591121624841  -1.42630546875  1.5333572269618008
2.2855  0.07195494791666666  57.8680303494783  -1.43164140625  1.5163804658167923
2.286  0.027087239583333332  57.996657566702815  -1.4292328125  1.5023782165195474
2.2865  0.041155078125  57.13260810539329  -1.4250966145833333  1.5224695732485758
2.287  -0.012182421875  57.12120347965972  -1.4228606770833334  1.5547027349598588
2.2875  0.006983854166666667  57.385248746782025  -1.42438046875  1.5431841843889182
2.2880000000000003  -0.06388736979166666  57.45016285711495  -1.4276580729166666  1.530544432754714
2.2885  0.07152044270833334  56.5065331891777  -1.4232393229166667  1.5166971757807137
2.289  0.047087890625  56.28524128602488  -1.4199729166666666  1.5433441776240535
2.2895  -0.0029670572916666665  57.66807764581779  -1.4240817708333333  1.5029860924344873
2.29  0.014530859375  56.7029564865186  -1.4208614583333334  1.5483010150560488
2.2904999999999998  0.04267395833333333  56.751151787697985  -1.4215393229166666  1.518760388786561
2.291  0.06765169270833334  54.701570590942744  -1.41092421875  1.5920181416074743
2.2915  0.042324609375  57.323466720289886  -1.4234380208333333  1.5200354880178941
2.292  0.06368528645833334  54.86019123618194  -1.4120625  1.5846562568846174
2.2925  -0.008212239583333333  55.417257238087664  -1.4136950520833333  1.5595096019378047
2.293  -0.04807799479166667  56.32579980147724  -1.4187135416666667  1.5364722804050668
2.2935  0.06009375  55.914375790276864  -1.4175786458333333  1.5399986727096315
2.294  0.015192057291666667  55.33248904973837  -1.41053671875  1.5727920738311583
2.2945  0.10969205729166667  54.65842142664334  -1.4139888020833333  1.5268142705379184
2.295  -0.03189049479166667  55.72081673520145  -1.4136114583333332  1.5315006263287163
2.2955  0.0028588541666666667  56.466799577040824  -1.41638671875  1.5203819866222263
2.296  0.010143359375  55.80046074657127  -1.4123653645833334  1.5340232295433889
2.2965  -0.05805572916666667  55.96075021805525  -1.41518203125  1.5181147813643925
2.297  -0.085021484375  54.55162147028846  -1.4101197916666666  1.5405011267980997
2.2975  0.035387369791666665  54.958321713998835  -1.4075020833333334  1.5474616830387413
2.298  -0.06748411458333334  54.53132433002581  -1.4086953125  1.5433513345774095
2.2984999999999998  0.106791015625  54.07221639863068  -1.4114880208333334  1.5485438970251215
2.299  -0.099948828125  54.02912081632526  -1.4074994791666666  1.550503673533423
2.2995  -0.0147390625  54.73769030704138  -1.4067828125  1.5329829650817282
2.3  0.07664518229166667  53.505685267162974  -1.4030979166666666  1.569652689771062
2.3019999999999996  0.083809375  53.690073158123376  -1.4024932291666667  1.5337455848583688
2.304  0.06529010416666667  53.477180011543936  -1.3998359375  1.5359963674113593
2.3059999999999996  -0.06652356770833333  53.40088813489079  -1.4001528645833334  1.5382596814761107
2.308  0.018434505208333334  53.74445966375823  -1.39628671875  1.5434153559224182
2.3099999999999996  -0.05675286458333333  53.315053280115144  -1.3959958333333333  1.5479436533964712
2.312  0.024072005208333334  52.44686680354123  -1.3901239583333334  1.5286091939182158
2.3139999999999996  0.08235859375  50.883860993702285  -1.3838390625  1.5580986040232023
2.316  0.04225403645833333  51.16133867749525  -1.38153203125  1.5320483085943857
2.3179999999999996  -0.018306380208333334  51.25125143118882  -1.3805927083333334  1.5505060897637062
2.32  0.021122786458333334  50.0231142209033  -1.3731364583333334  1.5413985334402556
2.3219999999999996  -0.017508854166666667  49.77802218845704  -1.3706268229166667  1.5742988258985344
2.324  -0.05180260416666667  49.43731920177735  -1.3707786458333333  1.550730637684234
2.3259999999999996  -0.013725260416666666  49.02796917525767  -1.36557734375  1.5514451961896885
2.328  0.051059765625  48.564787790021164  -1.3639671875  1.536982852258606
2.3299999999999996  -0.021054036458333335  49.140591967272826  -1.3646572916666666  1.5402960421182221
2.332  0.010109635416666667  47.52207831527986  -1.3537221354166666  1.5614292171303237
2.3339999999999996  0.06083606770833333  46.303059983529636  -1.34923984375  1.562953986202336
2.336  0.021883072916666666  46.7905918610799  -1.3483111979166666  1.5486574387526046
2.3379999999999996  0.0005388020833333333  45.669290505588535  -1.34248203125  1.5414259393367133
2.34  -0.036612890625  45.58425594104456  -1.3410552083333334  1.5246634529650764
2.3419999999999996  -0.00753828125  45.78164786144767  -1.3415864583333332  1.5338306419250174
2.344  -0.022374348958333335  45.22563303020826  -1.33710625  1.5250372341019383
2.3459999999999996  -0.05171171875  44.440106265918054  -1.3343513020833333  1.5365405811696482
2.348  0.00029973958333333334  44.03691369427142  -1.33042421875  1.5480918683033116
2.3499999999999996  0.012705729166666667  43.53689454713358  -1.3243856770833333  1.55046488833245
2.352  -0.0183125  43.478154212726764  -1.3248427083333334  1.5188637883789824
2.3539999999999996  -0.02004309895833333  43.42017072602302  -1.3241666666666667  1.5206468503550725
2.356  0.06400494791666667  42.52831683555432  -1.31949296875  1.5305944975603845
2.3579999999999997  0.011900130208333333  41.93786684283814  -1.31423125  1.5271299779407097
2.36  0.0141921875  42.05384951739054  -1.3134684895833333  1.508966922367135
2.3619999999999997  -0.03592838541666667  40.73042728601439  -1.30696171875  1.5061281317212116
2.364  0.008555729166666666  41.36208436651039  -1.30808671875  1.5335205124677096
2.3659999999999997  0.05706966145833333  40.85188175251648  -1.30628359375  1.4964870516001143
2.368  -0.04606640625  39.83507852805198  -1.2986606770833333  1.4925048767162943
2.3699999999999997  0.023865364583333333  40.52603639644135  -1.3020143229166667  1.502341859237177
2.372  -0.00370546875  40.25146768402632  -1.2985046875  1.465259349706974
2.3739999999999997  0.003046875  39.30200588844426  -1.2921721354166666  1.47118610124957
2.376  -0.010107942708333333  39.822518951010025  -1.2962200520833334  1.4833462782164768
2.3779999999999997  0.03753268229166667  37.79255834187336  -1.28258515625  1.4462190445039131
2.38  -0.02770703125  37.758272963169645  -1.2818609375  1.4459927852390917
2.3819999999999997  -0.044735416666666666  37.231169734700075  -1.2777505208333333  1.4373713441697968
2.384  -0.024091015625  37.436452561417475  -1.279134375  1.4459973844846112
2.3859999999999997  -0.067985546875  36.12250280746303  -1.2728635416666667  1.4422332575657635
2.388  0.049157421875  36.401862601053224  -1.27072265625  1.4556742599315402
2.3899999999999997  -0.008205989583333333  36.69505794455341  -1.2712140625  1.4424932458071515
2.392  0.0241453125  35.953999823456655  -1.26681640625  1.4430425011722174
2.3939999999999997  -0.004981119791666666  35.79896249408062  -1.2661526041666666  1.4259292535846144
2.396  -0.07093216145833334  34.7251251578133  -1.2615575520833333  1.4033322081273203
2.3979999999999997  0.01902890625  34.463304699510886  -1.2548760416666667  1.4247754128328352
2.4  -0.0029421875  33.792786278906256  -1.2498328125  1.399441032009542
2.4019999999999997  0.03271953125  34.02199936504736  -1.2530916666666667  1.4093314374589467
2.404  0.032236848958333335  34.53336795943213  -1.2544989583333332  1.4016271237694329
2.4059999999999997  -0.00370234375  34.10561737230276  -1.2505390625  1.3877805387315234
2.408  0.008288020833333333  33.31547810628345  -1.24425625  1.3634031311280488
2.4099999999999997  -0.008929817708333333  33.0440838708056  -1.2427526041666668  1.3795639420115333
2.412  0.005517838541666667  32.44390145962714  -1.23912109375  1.374727320606378
2.4139999999999997  -0.0031958333333333335  32.067615760034066  -1.23526015625  1.3591949357701185
2.416  0.007698177083333333  32.285524363610364  -1.2353208333333334  1.3663387814374497
2.4179999999999997  0.025508072916666666  30.886006367169553  -1.2271442708333333  1.3283872053701484
2.42  0.015922005208333333  31.386675306041596  -1.2287666666666666  1.3466275520038955
2.4219999999999997  -0.004761848958333334  30.188841045406622  -1.2218861979166666  1.3304985789894355
2.424  0.013102083333333334  30.462590763774294  -1.2203111979166668  1.3550788156150313
2.4259999999999997  0.0006326822916666667  30.495129961654918  -1.22065703125  1.3191391309177187
2.428  -0.012288671875  30.050950788741808  -1.2184973958333334  1.3222078674610536
2.4299999999999997  0.01048984375  29.76328761601938  -1.2143643229166667  1.3269022358520255
2.432  0.010272005208333334  28.683643480586895  -1.2074953125  1.296511000142744
2.4339999999999997  -0.029949479166666668  28.6309238191306  -1.2067528645833334  1.2695793527992858
2.436  0.029024869791666668  29.13781277452613  -1.2106286458333333  1.310340094475029
2.4379999999999997  -0.005586197916666666  28.248048866037454  -1.2033263020833334  1.2551229896398088
2.44  0.006431380208333334  28.10561794091352  -1.2010526041666667  1.2878150936571526
2.4419999999999997  0.005705989583333334  27.73989343092382  -1.1985265625  1.267973365264152
2.444  -0.019580078125  28.185705389927072  -1.1992833333333333  1.2590038156766539
2.4459999999999997  -0.004952604166666667  27.627642676790906  -1.19455546875  1.2627115335304346
2.448  0.015195833333333334  27.50753154570625  -1.1945697916666667  1.2523229001558505
2.4499999999999997  0.02254921875  26.385408837011063  -1.189325  1.2183422646119668
2.452  0.030133854166666668  26.696685459460536  -1.18899765625  1.229454799179661
2.4539999999999997  -0.023127864583333334  26.560101890613684  -1.1862325520833332  1.218672937729198
2.456  0.011032161458333333  26.23934312559202  -1.1835833333333334  1.2141537789672792
2.4579999999999997  0.015198567708333333  26.424600606817805  -1.1836028645833334  1.2222590123622705
2.46  0.015977734375  25.27919595704713  -1.1766919270833334  1.1883807386998408
2.4619999999999997  0.006628125  25.15510330422421  -1.1743653645833334  1.1914915298344582
2.464  0.030301171875  24.795427488527505  -1.1715192708333333  1.2122948606465431
2.4659999999999997  -0.001571484375  23.838471474622576  -1.1653705729166666  1.173335281425005
2.468  0.029468098958333334  24.281217888934965  -1.16808984375  1.1695221348540275
2.4699999999999998  -0.020269401041666666  24.231813888957422  -1.1666403645833334  1.1646889581153466
2.472  -0.016847005208333335  24.034489725507278  -1.1627684895833332  1.1616585129092027
2.4739999999999998  0.008624479166666667  23.992333168255417  -1.16133515625  1.17783761716196
2.476  0.0017283854166666667  23.517728669049266  -1.1588236979166666  1.142811170527214
2.4779999999999998  -0.019460416666666668  23.44481321753655  -1.15680703125  1.1499305172595047
2.48  -0.0036247395833333335  22.749527479831713  -1.15321015625  1.108996301366925
2.4819999999999998  0.011554166666666667  22.551107072141644  -1.1499325520833332  1.1048787575241241
2.484  0.0005911458333333333  22.40557804043098  -1.1474583333333332  1.118808990889345
2.4859999999999998  0.011474739583333334  22.480623100690256  -1.1474817708333334  1.1247100682454942
2.488  -0.020670963541666667  21.826056433713422  -1.1432046875  1.0907488109660053
2.4899999999999998  -0.009682682291666666  21.854064877968472  -1.14352890625  1.101906721035745
2.492  0.004215234375  21.52294218037825  -1.14057734375  1.0755599770942423
2.4939999999999998  0.0036528645833333335  20.528067871718516  -1.13220859375  1.059684443320553
2.496  0.016397786458333334  20.988322976093347  -1.13415546875  1.0738724353212648
2.4979999999999998  -0.005259765625  20.77644022157831  -1.13221015625  1.0650118095961316
2.5  0.015425520833333333  20.762705091972222  -1.1315747395833333  1.0682432471972243
2.502  0.012831770833333334  20.641485373673287  -1.1285880208333334  1.056711936594691
2.504  -0.006575390625  20.294231574964435  -1.1270333333333333  1.0589785441625001
2.506  0.013386067708333333  19.992003898932495  -1.1238434895833334  1.0406287035322734
2.508  -0.010901302083333333  20.08873823680196  -1.12427890625  1.0375714530769569
2.51  0.013242708333333334  19.584732418216028  -1.1207502604166666  1.032367625114313
2.512  -0.0019298177083333333  20.0088064753748  -1.1216723958333332  1.0265872286903854
2.514  0.008045833333333334  19.028380701294974  -1.1153986979166666  1.0195071505007158
2.516  0.002523046875  19.26011911245632  -1.1155455729166666  1.0284986647168826
2.518  -0.005690364583333334  18.621017519684663  -1.1112403645833333  1.0131366211830801
2.52  -0.0016502604166666666  18.618800928895226  -1.1089182291666666  1.0074921010115827
2.522  0.011354817708333333  18.565414746024913  -1.10950078125  1.0179658222304668
2.524  -0.014424739583333334  18.454095042584246  -1.1070268229166667  1.00018328653735
2.526  -0.0010131510416666668  18.367213266815057  -1.10663046875  0.9902131034408317
2.528  -0.0014639322916666668  17.85476231305043  -1.1013260416666666  0.9726408793854248
2.53  0.0027251302083333333  17.709696621375098  -1.0987330729166667  0.972935858235976
2.532  -0.006008072916666667  17.677206060748805  -1.0974354166666667  0.9813597404858981
2.534  -0.00014557291666666665  17.26153511904077  -1.0957236979166667  0.9480126524309066
2.536  -0.005771484375  17.285059919066484  -1.0935875  0.9538567198068189
2.538  -0.0014411458333333333  17.145911553032793  -1.0925869791666667  0.9601660455736138
2.54  0.010145572916666666  16.902958198812062  -1.091646875  0.9318048640389108
2.542  0.013796744791666666  16.670852303384734  -1.0879434895833333  0.9374918532281022
2.5439999999999996  -0.0011020833333333334  16.868071525703183  -1.0896932291666668  0.9395555144957909
2.546  -0.0027049479166666667  16.714353740010203  -1.08773046875  0.9434390242338218
2.548  -0.00482265625  16.859715794516124  -1.0869315104166666  0.9393447443027951
2.55  -0.000209375  16.04600029673203  -1.081225  0.9076041660899525
2.5519999999999996  0.006977734375  15.696859283634772  -1.0789278645833333  0.8986926719786333
2.554  0.004368098958333334  16.062752495389518  -1.0793908854166667  0.9067559499053174
2.556  0.004466145833333333  15.865169559505956  -1.0770020833333334  0.9036175529723461
2.558  0.006030078125  16.105870253315782  -1.0766197916666667  0.9117553411958961
2.5599999999999996  0.005136067708333333  15.783045979775325  -1.0751216145833333  0.9002733493142672
2.562  -0.008680729166666666  15.274435556829518  -1.0706244791666666  0.8762611893168958
2.564  0.009484505208333334  15.028882159628445  -1.0684333333333333  0.8784671300138532
2.566  -0.006492447916666666  15.322845322641975  -1.0694903645833334  0.8846331316076004
2.5679999999999996  -0.0015875  14.752975380646419  -1.0639098958333333  0.863919212315548
2.57  -0.005298697916666667  14.912297135693635  -1.0642802083333334  0.8670136867662189
2.572  0.003953645833333333  14.79539044191183  -1.06289921875  0.8588353689799761
2.574  -0.00342421875  14.588913533026581  -1.0614768229166667  0.8612789537661332
2.5759999999999996  0.0003631510416666667  14.497233614573565  -1.06011015625  0.8666794989152435
2.578  -0.014808072916666666  14.495031471094894  -1.0593049479166667  0.8462508702466865
2.58  0.00035911458333333336  14.223542193953218  -1.0576716145833334  0.8381456696411407
2.582  0.012632421875  13.925333373863324  -1.053040625  0.8429682895977079
2.5839999999999996  -0.0012076822916666666  13.833683367959814  -1.0499479166666668  0.8469612414346744
2.586  0.004540104166666666  13.715492781940148  -1.04856484375  0.8242151875847901
2.588  0.0018884114583333333  13.55663492795105  -1.04797890625  0.8192437499990661
2.59  0.005743489583333333  13.633690254819552  -1.04816640625  0.8202669065896132
2.5919999999999996  -0.0014990885416666666  13.144332305248456  -1.0420958333333334  0.8083492519851054
2.594  -0.0017083333333333334  13.257427506318  -1.0436921875  0.8127690996939596
2.5959999999999996  -0.011625130208333334  13.431455984365307  -1.0432783854166667  0.8307206929410356
2.598  -0.013881510416666666  12.690350730362832  -1.0386515625  0.782586420779904
2.5999999999999996  -0.007998697916666667  12.814537251435633  -1.0390755208333333  0.7845851760252333
2.602  -0.009011197916666666  13.08589641509069  -1.0395640625  0.8023595193691592
2.6039999999999996  -0.0027381510416666665  12.451682176257615  -1.0341786458333333  0.7859375695487497
2.606  -0.0033510416666666667  12.61734488637333  -1.0349864583333332  0.7789311282544559
2.6079999999999997  0.007486067708333334  12.468453661129152  -1.0327294270833334  0.7779792170439379
2.61  0.005140885416666667  12.320990733550182  -1.0290697916666667  0.7806415280244746
2.6119999999999997  0.005283463541666667  12.33669755886128  -1.0286213541666667  0.7726388201523134
2.614  0.0009940104166666667  12.19275084289058  -1.0271393229166668  0.777689036036691
2.6159999999999997  -0.007371614583333333  12.093128714793314  -1.0269856770833334  0.7603081550923813
2.618  0.015630729166666666  12.065541838527079  -1.0239841145833333  0.7632730063925464
2.6199999999999997  -0.006200911458333333  11.896728672787784  -1.0234229166666666  0.7716627860976819
2.622  -0.0026104166666666667  11.867769444338503  -1.020675  0.7565840543636886
2.6239999999999997  -0.000208203125  11.655499355572958  -1.0207690104166667  0.7527036866467843
2.626  -0.016954427083333334  11.940043733174399  -1.020959375  0.7596365026720345
2.6279999999999997  -0.0038102864583333335  11.379598410069379  -1.0176057291666667  0.7290564143161727
2.63  -0.0023815104166666668  11.454631317167037  -1.01688359375  0.7377060927236726
2.6319999999999997  -0.0025046875  11.154541553713907  -1.0125869791666666  0.7302951736841785
2.634  -0.0034141927083333333  11.388230628518032  -1.0127104166666667  0.7311225619700518
2.6359999999999997  0.001671875  10.925261033131006  -1.00974375  0.7407273492470023
2.638  0.008290104166666666  11.17883633463377  -1.0114854166666667  0.7273746071379262
2.6399999999999997  0.0006102864583333333  11.014348057447853  -1.0082846354166666  0.716984478004378
2.642  -0.006831901041666666  10.760771879532486  -1.0069505208333334  0.7159420786193366
2.6439999999999997  -0.010833463541666666  10.822421595276978  -1.0059580729166666  0.7106155763354974
2.646  -0.006080989583333333  10.779436208736197  -1.0035791666666667  0.7047022939052555
2.6479999999999997  -0.00595859375  10.814902296800259  -1.0033958333333333  0.7085908200619406
2.65  0.0035984375  10.473420288757863  -1.00095  0.7037688681618561
2.6519999999999997  0.011465494791666666  10.54332667067144  -1.0006893229166667  0.7031858762716042
2.654  0.01070859375  10.419986232514601  -0.9995177083333333  0.7018207249869617
2.6559999999999997  0.0013153645833333333  10.291245172088093  -0.9963572916666666  0.7037392987408377
2.658  0.011708072916666666  10.116280243597682  -0.9945528645833334  0.6925930232953229
2.6599999999999997  -0.011795442708333333  10.188249551415975  -0.9950046875  0.6951632951328014
2.662  0.004290625  9.900498603180566  -0.9914078125  0.6823200049337348
2.6639999999999997  0.006405859375  9.878280225523376  -0.9901723958333334  0.6721119192950269
2.666  -0.006449088541666667  9.866650806840708  -0.99160390625  0.6757943439949168
2.6679999999999997  -0.009512239583333333  9.760009437149916  -0.9891653645833334  0.675024328338915
2.67  0.003718359375  9.831303575203847  -0.9881395833333333  0.6726498050969398
2.6719999999999997  0.000339453125  9.575094315845849  -0.9851580729166667  0.6626238510510724
2.674  0.004788411458333333  9.752568034544002  -0.9858481770833334  0.6675956808029884
2.6759999999999997  -0.0004829427083333333  9.730100675174326  -0.9860893229166666  0.6719996942431683
2.678  -0.001484375  9.68876493651979  -0.9828799479166667  0.6704314614809163
2.6799999999999997  -0.0010572916666666667  9.630456029747098  -0.9824247395833333  0.6643041566861542
2.682  -0.004772786458333333  9.369832627390876  -0.9798731770833333  0.6528089544240615
2.6839999999999997  -0.007773046875  9.173340811080518  -0.9783557291666667  0.6572839423216132
2.686  0.0013690104166666666  9.338428773882839  -0.9779591145833333  0.6548767938032841
2.6879999999999997  0.0014291666666666667  9.04524275752315  -0.9752369791666666  0.6442398276488885
2.69  -0.006204557291666667  9.082998506232897  -0.97428359375  0.6402041020384495
2.6919999999999997  0.0030713541666666667  8.916850928961326  -0.9710786458333334  0.6420816622560972
2.694  0.001207421875  8.815535667402292  -0.9710541666666667  0.643720457399016
2.6959999999999997  0.0012649739583333332  8.852356112023921  -0.9694752604166667  0.6471718599553632
2.698  0.003447395833333333  8.964158348751132  -0.9717817708333333  0.6388758109078854
2.6999999999999997  -0.004812239583333333  8.55039401079604  -0.9668114583333334  0.6306473547858517
2.702  -0.003176171875  8.704190763964386  -0.9670513020833333  0.6317417576519823
2.7039999999999997  -0.002546354166666667  8.840749241838225  -0.9670294270833333  0.6420983432366618
2.706  0.004344401041666667  8.580996250575817  -0.9621526041666667  0.6238320059422673
2.7079999999999997  0.0009954427083333334  8.53347901468482  -0.9636145833333334  0.6231221830036663
2.71  0.0037846354166666666  8.418702285202697  -0.9611114583333333  0.6239629661527216
2.7119999999999997  -0.002517317708333333  8.33209016880832  -0.96070078125  0.6165561090395465
2.714  0.005825130208333334  8.528122154720828  -0.9594403645833334  0.6278212539734493
2.7159999999999997  0.00185859375  8.16001877525543  -0.95779765625  0.6159708898260124
2.718  0.0011729166666666667  8.242177113890934  -0.9560453125  0.6191043202533068
2.7199999999999998  0.0032388020833333336  8.055947655171314  -0.9548036458333333  0.6056077841061007
2.722  -0.005949088541666666  8.018157182600046  -0.9541713541666667  0.5994468291309327
2.7239999999999998  0.0024109375  7.926022542905653  -0.9518760416666666  0.6022611862201434
2.726  -0.0011861979166666666  7.948048766348487  -0.9502776041666666  0.6085274893699437
2.7279999999999998  -0.0011802083333333332  8.110387525558  -0.9522486979166667  0.6080648150501234
2.73  -0.005698697916666667  8.02437515460292  -0.9497041666666667  0.6006406471157388
2.7319999999999998  -0.003655598958333333  7.7749197626494  -0.9482002604166667  0.5929953722983395
2.734  0.0040388020833333335  7.715766803059975  -0.9469682291666667  0.590775173789024
2.7359999999999998  -0.003590104166666667  7.713986330688555  -0.9469182291666667  0.5851730337785417
2.738  -0.008665625  7.6015733923788655  -0.9438653645833334  0.5949800294504175
2.7399999999999998  0.00113671875  7.830546664480687  -0.9454276041666667  0.59289569124583
2.742  -0.012788411458333333  7.508249873645998  -0.9404802083333333  0.587292617720025
2.7439999999999998  0.004352604166666667  7.669165124185092  -0.9414846354166667  0.5848378015899816
2.746  0.004460807291666666  7.602814670010861  -0.9406  0.5882646501468417
2.7479999999999998  1.5755208333333333e-05  7.558830736367296  -0.9391098958333334  0.5840526723679402
2.75  -0.0026154947916666666  7.320653239316603  -0.936975  0.5675925981267224
2.61  0.0014684895833333334  12.584959302356056  -1.0320552083333334  0.7820236935828119
2.62  -0.005761848958333334  11.613323508069271  -1.0222395833333333  0.7428625306735521
2.63  0.005281770833333334  11.173991012331012  -1.0143223958333334  0.7307821242074507
2.64  0.0064953125  11.002198394333965  -1.0092403645833334  0.7112894668129068
2.65  0.001833203125  10.468948247115764  -1.000775  0.6924270782010205
2.66  -0.006734765625  10.259733825564888  -0.99420859375  0.69810512457277
2.67  0.008867838541666668  9.625925810469662  -0.9869229166666666  0.6719153369461713
2.68  0.010183723958333333  9.536856893072073  -0.9831315104166667  0.6656933658409369
2.69  0.002866796875  9.134877232598553  -0.9748809895833334  0.6537420478548703
2.7  -0.006710807291666667  8.867220086611047  -0.9689635416666667  0.6430310918686193
2.71  -0.004571484375  8.503051292344134  -0.9612354166666667  0.6268132735423303
2.72  -0.0012622395833333333  8.189014416047538  -0.9567328125  0.619108398353023
2.73  0.0015944010416666667  7.802493322609827  -0.9487875  0.5916506066989586
2.74  0.00017799479166666666  7.674932125834791  -0.94360078125  0.5884228881192033
2.75  -0.005866276041666667  7.3390561982181195  -0.9380216145833333  0.5835366574632689
2.7600000000000002  -0.004414713541666667  7.11887943931002  -0.9302645833333333  0.5616475546395503
2.77  0.005981640625  7.00203875269348  -0.9281354166666667  0.5616748520405859
2.7800000000000002  -9.895833333333333e-06  6.812319947516987  -0.9219752604166667  0.5579343893927137
2.79  -0.001578515625  6.436189847282893  -0.9132106770833334  0.5346801594467292
2.8000000000000003  -0.002861588541666667  6.454346464953806  -0.9112416666666666  0.5358421639739246
2.81  0.0028072916666666667  6.162535102807434  -0.9051567708333333  0.5277173066362579
2.8200000000000003  0.0015502604166666666  6.069734730785806  -0.9000450520833333  0.5183504483425533
2.83  -0.00621015625  5.843614366110866  -0.8960807291666667  0.5038484475517504
2.84  -0.0007342447916666667  5.664808816386382  -0.8886440104166666  0.49918462348112036
2.85  -0.0009666666666666667  5.451052759844054  -0.8841135416666667  0.4969118702848763
2.8600000000000003  -0.00299609375  5.29151457468313  -0.8790283854166666  0.48303182536220113
2.87  0.0010959635416666667  5.196124803569916  -0.8756380208333333  0.47788761021710224
2.88  0.001437109375  5.102782185316298  -0.871290625  0.47981073505417215
2.89  0.001990625  4.996807293252594  -0.8636927083333333  0.4673755194967608
2.9  0.005914192708333333  4.804012441270055  -0.8604955729166667  0.45684036900308694
2.91  -0.00154921875  4.707734520564863  -0.8546791666666667  0.4475114428134859
2.92  -0.0023154947916666667  4.718392053294746  -0.8536875  0.44662951734221273
2.93  -0.0033786458333333333  4.545617032399506  -0.84645546875  0.44392190365374873
2.94  0.0004673177083333333  4.432163789503909  -0.8438197916666667  0.4300487743982722
2.95  -0.003001953125  4.296805624668962  -0.8392984375  0.4311940916642731
2.96  -0.00012252604166666667  4.2369510348028685  -0.8346416666666666  0.42330873305738426
2.97  0.0034165364583333335  4.17447708403333  -0.8306322916666666  0.42202858019653133
2.98  0.004662109375  4.045749472721791  -0.8260216145833333  0.4155787958574677
2.99  -0.000264453125  3.974033431808284  -0.8219817708333333  0.41208235906353197
