T  M chi U c
1.51  0.985830078125  0.028554816846121416  -1.94879794921875  0.20608715282207415
1.52  0.98524697265625  0.030630986815906095  -1.94688984375  0.21457277581882114
1.53  0.9846763671875  0.0312329351514813  -1.9449873046875  0.213615941986
1.54  0.983986328125  0.032963920454688364  -1.9425576171875  0.22582815761208838
1.55  0.98339990234375  0.033522675781392945  -1.94066787109375  0.22317087147166223
1.56  0.982631494140625  0.03590995687487427  -1.93813857421875  0.2358730937285659
1.57  0.98193310546875  0.03747822887654962  -1.935773046875  0.2419715959569479
1.58  0.98122197265625  0.03852785381252632  -1.933465625  0.2449927685869685
1.59  0.9804158203125  0.041898983785496  -1.930844140625  0.2606286536819739
1.6  0.979696826171875  0.0430160248959055  -1.9283892578125  0.2619618158576031
1.61  0.978749169921875  0.04624995700080193  -1.9255013671875  0.27426010226942427
1.62  0.977818603515625  0.04860480791261647  -1.9224529296875  0.28501748727175286
1.63  0.97696953125  0.05057186483931319  -1.91971982421875  0.289148497176213
1.6400000000000001  0.976114697265625  0.051618609225764576  -1.91697265625  0.29036235639070385
1.65  0.97521650390625  0.05439462383974663  -1.9141017578125  0.298817412707477
1.66  0.974307373046875  0.05600018692934626  -1.91114609375  0.30532429280355894
1.67  0.973173095703125  0.06010401720950922  -1.90783974609375  0.3166364337055804
1.68  0.97232080078125  0.06239224737214499  -1.90497919921875  0.32840362799435463
1.69  0.9711279296875  0.06296430057353483  -1.9013458984375  0.3218061845151571
1.7  0.970083935546875  0.07116258179554708  -1.89815517578125  0.35209710368472996
1.71  0.96886953125  0.07067141410830144  -1.8944900390625  0.341390859528101
1.72  0.967714501953125  0.07908187880973348  -1.89109404296875  0.3704478295779402
1.73  0.9665869140625  0.07846058751808041  -1.8876134765625  0.3632442843378472
1.74  0.965423388671875  0.08288304462418647  -1.8840681640625  0.3770789444909852
1.75  0.964091796875  0.08802031250005321  -1.88018232421875  0.38882708559893736
1.76  0.9625220703125  0.09506496191394573  -1.8757046875  0.4027025124289904
1.77  0.9612033203125  0.09984133818843835  -1.8718181640625  0.4078506195838673
1.78  0.9598861328125  0.10307766950477396  -1.86796923828125  0.41871821610150767
1.79  0.958483349609375  0.10739144268836498  -1.8639353515625  0.43074079885023403
1.8  0.956664697265625  0.11606833198230662  -1.858834765625  0.4499092999617179
1.81  0.95525400390625  0.11884941296150361  -1.8549083984375  0.44092508236685213
1.82  0.953806005859375  0.1241471239214601  -1.85068046875  0.4640347984089129
1.83  0.95207080078125  0.13476323375630148  -1.846103515625  0.4669213911654873
1.84  0.950359033203125  0.1384333994513267  -1.841305859375  0.47896882218038916
1.85  0.948465283203125  0.14769053124493092  -1.83612802734375  0.500553136402241
1.8599999999999999  0.9465830078125  0.15676988617244247  -1.83086318359375  0.5063009054393891
1.87  0.94430849609375  0.17282077287356687  -1.8251974609375  0.5353554165389348
1.88  0.94221552734375  0.18205827441379177  -1.82007236328125  0.5422484115820854
1.8900000000000001  0.9403197265625  0.18597226612126166  -1.81474755859375  0.5391405766104054
1.9  0.93879619140625  0.19596201626212092  -1.81022548828125  0.5668126657611258
1.9100000000000001  0.93603818359375  0.21186178908307943  -1.8040787109375  0.5811188234543617
1.92  0.933592724609375  0.22583948546852642  -1.79768486328125  0.6041545460059675
1.93  0.931428515625  0.23679145919693634  -1.792183203125  0.6059524465423605
1.94  0.928576904296875  0.2647891580167685  -1.78547861328125  0.6376062957407225
1.95  0.925954833984375  0.27226488368913315  -1.77925693359375  0.6353725213571834
1.96  0.92334521484375  0.2681469621931534  -1.77296484375  0.6372344286882171
1.97  0.920849560546875  0.29844666084550986  -1.76689501953125  0.6676381039895443
1.98  0.917800537109375  0.31798178057431303  -1.760237109375  0.6735572105206321
1.99  0.91443076171875  0.3643926578005352  -1.752139453125  0.7187174441612422
2.0  0.911878173828125  0.38192358288574724  -1.7464951171875  0.7235586708980009
2.01  0.90808896484375  0.4108187274370034  -1.73858857421875  0.735429336439755
2.02  0.90414453125  0.444719434560536  -1.73027412109375  0.7709896122223535
2.0300000000000002  0.900481103515625  0.5069180860864614  -1.722376953125  0.8157710580518869
2.04  0.8972724609375  0.5028041724111009  -1.71508564453125  0.8262700049921262
2.05  0.89246845703125  0.6043114304687085  -1.706584375  0.848968807852493
2.06  0.888666259765625  0.6266228798876822  -1.6984671875  0.8809708625934585
2.0700000000000003  0.884601806640625  0.6648951444320399  -1.6907423828125  0.8722416508770342
2.08  0.878856884765625  0.7605680395460449  -1.67989580078125  0.9078909095088593
2.09  0.8747  0.7917424457237153  -1.67205498046875  0.9124862045909723
2.1  0.86980263671875  0.8137705572729221  -1.66237587890625  0.9566314356487389
2.11  0.8626396484375  1.0311056001926566  -1.65205107421875  0.9802184993369977
2.12  0.857777978515625  1.1168469107045258  -1.64325107421875  1.013433767221073
2.13  0.85021982421875  1.3619826510967814  -1.6317021484375  1.0683458410131317
2.14  0.842231298828125  1.9380410037192888  -1.6207416015625  1.0712563662421557
2.15  0.83564482421875  1.7409095746911907  -1.60969892578125  1.1385388006273138
2.16  0.828366552734375  1.8299084797770655  -1.5985021484375  1.1838642617982633
2.17  0.819600537109375  2.3603710237209947  -1.5868796875  1.2663976069252776
2.18  0.806572412109375  2.76104625856049  -1.57137265625  1.3047717277056166
2.19  0.796033740234375  3.8412914328222394  -1.55962978515625  1.3489910676040848
2.2  0.783235791015625  7.270419843923099  -1.54678369140625  1.437395207378268
2.21  0.766902294921875  7.698320298001666  -1.5307513671875  1.527571999927361
2.2199999999999998  0.764063818359375  5.1387238583500325  -1.51932939453125  1.5231453279003195
2.23  0.73936962890625  7.21838773428737  -1.50088525390625  1.5669888276881274
2.24  0.7174048828125  14.167457134556319  -1.484786328125  1.7479668368591146
2.25  0.684098583984375  22.039982964752703  -1.4662685546875  1.8082229313268154
2.26  0.189459033203125  570.3975274619702  -1.42977568359375  2.67151336512442
2.27  -0.597124365234375  47.807215173075356  -1.42453037109375  2.232012552390212
2.1505  -0.833364990234375  2.3427792082099272  -1.60868701171875  1.2086886831926815
2.151  -0.834362646484375  1.7132762286754957  -1.6081421875  1.1386996131346288
2.1515  -0.83208134765625  2.0571147097773554  -1.605778125  1.1573996693850503
2.1519999999999997  -0.83526298828125  1.5913725486285453  -1.60871884765625  1.1003980928387418
2.1525  -0.833646875  1.7052610711383176  -1.60669326171875  1.150968199665268
2.153  -0.83248388671875  1.827737400847071  -1.60538193359375  1.1591793302296507
2.1534999999999997  -0.835577880859375  1.761527866949081  -1.6075078125  1.1739588509027212
2.154  -0.832024169921875  1.9696381957214917  -1.604981640625  1.160987849391363
2.1545  -0.834072998046875  1.5615477587562645  -1.605684375  1.112249898895652
2.155  -0.8306568359375  2.279751260223446  -1.60423330078125  1.1710869595124243
2.1555  -0.833323291015625  1.614797834931005  -1.60406416015625  1.132901384010397
2.1559999999999997  -0.83147275390625  1.7852721699435885  -1.6032578125  1.1009807662888076
2.1565  -0.82976533203125  1.9562839777815404  -1.600841015625  1.211405341150172
2.157  -0.832485498046875  1.5974233789651897  -1.60246904296875  1.14069472767536
2.1574999999999998  -0.830192333984375  2.134440899655142  -1.60172841796875  1.1977036117824402
2.158  -0.829280126953125  1.7300397338345797  -1.599941015625  1.142153946621645
2.1585  -0.830327587890625  1.7097098323082613  -1.60037900390625  1.1676154827150296
2.159  -0.826468505859375  1.910662508209461  -1.59707421875  1.170810448887282
2.1595  -0.8226705078125  5.272138112193555  -1.59761455078125  1.253251184765661
2.1599999999999997  -0.829825537109375  1.8090912094500577  -1.59953125  1.1811158398704074
2.1605  -0.830662353515625  1.8102244524154276  -1.59993427734375  1.184705812190335
2.161  -0.82931728515625  1.737967544666037  -1.59833427734375  1.146115352772461
2.1614999999999998  -0.823360205078125  2.3658049428156014  -1.5941466796875  1.1650167144091081
2.162  -0.826101611328125  2.1593523217028467  -1.595865234375  1.2007709194525031
2.1625  -0.82879619140625  1.723255814143584  -1.59735498046875  1.1563006847456412
2.163  -0.824984619140625  2.0539855794495843  -1.59368349609375  1.2043797326086887
2.1635  -0.824830419921875  2.135317592799365  -1.59471923828125  1.2145419092060465
2.1639999999999997  -0.824924267578125  1.8680264068953658  -1.5937185546875  1.1337176583345632
2.1645  -0.823517431640625  1.8741567328942785  -1.59176259765625  1.1501386808390464
2.165  -0.819049462890625  2.8951008061085304  -1.590528125  1.2234328408598358
2.1654999999999998  -0.823768115234375  2.434816293324104  -1.59259091796875  1.2235030919577232
2.166  -0.82214853515625  2.4464055177856707  -1.5914076171875  1.2020393311075563
2.1665  -0.82566591796875  1.7518634649600593  -1.59302529296875  1.145690851013285
2.167  -0.821766162109375  2.443430927509121  -1.59046044921875  1.2491552016877259
2.1675  -0.820459326171875  2.282989871463203  -1.58826181640625  1.2061750471189527
2.1679999999999997  -0.82050283203125  2.4869457088728044  -1.58934423828125  1.1891258963720621
2.1685  -0.820881591796875  2.0306513672999347  -1.58734658203125  1.212167710014885
2.169  -0.81905087890625  2.580437493498797  -1.5870443359375  1.2365573307148046
2.1694999999999998  -0.819128271484375  2.2352261195291305  -1.5861845703125  1.2224001529181683
2.17  -0.8173150390625  2.529560022393345  -1.58526220703125  1.2431281454311398
2.1705  -0.816092919921875  2.7997264100247135  -1.58472529296875  1.2893378585837245
2.171  -0.813501171875  3.100083693718026  -1.58370166015625  1.2315847671140763
2.1715  -0.81967685546875  2.1415045209063694  -1.585111328125  1.2256146751802643
2.1719999999999997  -0.81787421875  2.1891755146466085  -1.58430771484375  1.176607852257644
2.1725  -0.81377001953125  2.8738949218746668  -1.58206064453125  1.3102431087459077
2.173  -0.816951806640625  2.331267680010364  -1.5829755859375  1.235098971700528
2.1734999999999998  -0.812733349609375  2.695618885685312  -1.5804638671875  1.248069123047249
2.174  -0.815673583984375  2.565245335386886  -1.58205478515625  1.2307332116416096
2.1745  -0.81205576171875  3.050225385846397  -1.579480859375  1.273911165317806
2.175  -0.814528662109375  2.6291301939251768  -1.5802373046875  1.2920224195732475
2.1755  -0.810239404296875  3.210555214457712  -1.57817978515625  1.2264252219045486
2.1759999999999997  -0.815260986328125  2.550048796597417  -1.58047412109375  1.2358072057724738
2.1765  -0.809486181640625  3.740959545100864  -1.5772017578125  1.3319950514246657
2.177  -0.811185107421875  2.6640746967541142  -1.57675234375  1.2973072709766116
2.1774999999999998  -0.812670849609375  2.442445496371906  -1.5779365234375  1.2472768336732754
2.178  -0.811566748046875  2.7569414099759366  -1.57719833984375  1.2221524524689078
2.1785  -0.80702529296875  3.591646600997537  -1.57402275390625  1.2692003600000807
2.179  -0.8106076171875  2.814423870539869  -1.57625703125  1.2782852477998918
2.1795  -0.80977431640625  2.669615147521668  -1.57407705078125  1.2918555970426178
2.1799999999999997  -0.811256787109375  2.8303922711754885  -1.57591708984375  1.3024008520610642
2.1805  -0.808446484375  2.599047594015154  -1.572325  1.2617155315655244
2.181  -0.80869931640625  2.792266420918464  -1.57283857421875  1.2290173357242913
2.1814999999999998  -0.8096486328125  2.541433231076771  -1.57279970703125  1.2396023707309523
2.182  -0.80759931640625  3.1946858621497145  -1.57201533203125  1.3157257895451742
2.1825  -0.804166552734375  3.400793163118547  -1.56902783203125  1.28610737138132
2.183  -0.80446396484375  3.042219180868305  -1.56955068359375  1.2616692379230872
2.1835  -0.803245947265625  3.4467598003803768  -1.56842626953125  1.3607374186158558
2.1839999999999997  -0.804343701171875  2.8224560829425336  -1.56827265625  1.262109572332759
2.1845  -0.79968212890625  4.719201958668267  -1.56595869140625  1.3943293020653693
2.185  -0.80614912109375  2.634211043174256  -1.56728544921875  1.2675309539031157
2.1854999999999998  -0.803454345703125  3.0394253986455806  -1.566580859375  1.288114357299211
2.186  -0.804787841796875  2.206276299172081  -1.566169921875  1.225668124460657
2.1865  -0.798447607421875  4.110331236918034  -1.5644546875  1.3813957608610765
2.187  -0.80207294921875  2.8537537414086835  -1.56481787109375  1.2469915373090066
2.1875  -0.793324267578125  5.290506236781324  -1.56067314453125  1.4247575359263134
2.1879999999999997  -0.800655712890625  3.507367244446786  -1.56369033203125  1.3070407806544424
2.1885  -0.7955009765625  4.699937619588388  -1.56060791015625  1.4344698940771832
2.189  -0.7968712890625  3.7769166956227576  -1.56097822265625  1.396307102779028
2.1895  -0.80032978515625  2.682604616332946  -1.561244140625  1.259855866748023
2.19  -0.8014822265625  3.0782816302083424  -1.56326376953125  1.290934805419987
2.1905  -0.79800166015625  3.3445412832223145  -1.5608314453125  1.3701627610674072
2.191  -0.797930712890625  3.1320171759068605  -1.5598908203125  1.2411239076552654
2.1915  -0.801198583984375  2.6185094523183063  -1.56096142578125  1.3273610492880026
2.1919999999999997  -0.793499658203125  3.683771989902067  -1.5568630859375  1.2955604622410435
2.1925  -0.794834228515625  3.5829947084120715  -1.55668896484375  1.3479725521902255
2.193  -0.786777978515625  6.36016144511195  -1.5537970703125  1.503087316719179
2.1935  -0.79751611328125  2.8886277242243095  -1.5567779296875  1.281914735097287
2.194  -0.790518994140625  3.757730959964734  -1.55419326171875  1.3982655233795964
2.1945  -0.791502880859375  3.627330531401949  -1.55286474609375  1.325479422258107
2.195  -0.79151025390625  3.5054291674082183  -1.5527603515625  1.3169234058239703
2.1955  -0.789752880859375  3.926972334564834  -1.550596484375  1.3859325231299133
2.1959999999999997  -0.791589013671875  3.4670334199211563  -1.55274189453125  1.3637096341381716
2.1965  -0.78820625  4.666591953391799  -1.5519236328125  1.4261278587400459
2.197  -0.792700390625  3.148760445636309  -1.55303486328125  1.3303364123995074
2.1975  -0.78861796875  4.344890488054581  -1.55075751953125  1.3442102392237067
2.198  -0.790236083984375  3.55615202730046  -1.550126953125  1.3932381199646775
2.1985  -0.796331787109375  2.8924820206559265  -1.55392041015625  1.2994722766111533
2.199  -0.781847216796875  5.603511950740342  -1.54531435546875  1.4430034591920924
2.1995  -0.786108203125  4.9808779604739675  -1.54774853515625  1.4674061523279203
2.1999999999999997  -0.784552294921875  4.814760466260024  -1.54666884765625  1.4188779513088696
2.2005  -0.778693212890625  6.778327307674222  -1.5444341796875  1.5001422258593513
2.201  -0.786922314453125  3.7302637359395385  -1.54526123046875  1.359254851430177
2.2015  -0.78012861328125  5.909218869076939  -1.5445822265625  1.4893728474608963
2.202  -0.774209228515625  5.604804722868095  -1.53969775390625  1.50405271794068
2.2025  -0.783224755859375  4.175432009750044  -1.5426599609375  1.4081319932010687
2.203  -0.784224609375  4.144400895085984  -1.54393291015625  1.4603534572356702
2.2035  -0.7798861328125  4.9654183125566815  -1.541729296875  1.423056085633951
2.2039999999999997  -0.774595166015625  6.530474303286765  -1.5392287109375  1.4659305034801922
2.2045  -0.77840390625  4.819171585535206  -1.53917705078125  1.402528356043725
2.205  -0.779473583984375  5.033518427751795  -1.53949150390625  1.454068227993515
2.2055  -0.775894775390625  5.137594686822637  -1.5375669921875  1.4743664462318284
2.206  -0.7794943359375  4.461460603113653  -1.538481640625  1.4906160382313327
2.2065  -0.7748552734375  5.224915690785485  -1.53596552734375  1.4372795268199752
2.207  -0.773498486328125  5.212301634354868  -1.5360974609375  1.4664971727401068
2.2075  -0.7727625  5.623717781285365  -1.53516171875  1.5347442767566888
2.2079999999999997  -0.771107568359375  5.5636024272132145  -1.53333515625  1.5744845440679744
2.2085  -0.768102001953125  6.6031248167547005  -1.5319150390625  1.4951115295616797
2.209  -0.762157958984375  7.954726403239236  -1.52840615234375  1.5342535435384301
2.2095  -0.768292041015625  5.442601534031803  -1.529939453125  1.4780662412220862
2.21  -0.771689306640625  4.849845938167259  -1.5311974609375  1.4849824442769257
2.2104999999999997  -0.771807958984375  5.319313861006755  -1.53209599609375  1.456735382789274
2.211  -0.7728076171875  4.560935865770671  -1.5323837890625  1.3770485546329492
2.2115  -0.769480859375  5.821109889780712  -1.5306595703125  1.5181755397859285
2.2119999999999997  -0.763390087890625  6.358523048813071  -1.52696513671875  1.4880370564530823
2.2125  -0.77193896484375  6.92753082582976  -1.53059609375  1.5676609817097709
2.213  -0.763849853515625  5.58141391058801  -1.52671279296875  1.4193799890865184
2.2135  -0.7542140625  8.791424160266708  -1.52203037109375  1.647569758363058
2.214  -0.764314453125  6.131166169122571  -1.52545205078125  1.5016580972870033
2.2145  -0.767526806640625  5.309390281908849  -1.52712255859375  1.491219448401808
2.215  -0.756518603515625  10.796088075792378  -1.52310234375  1.5651667442893262
2.2155  -0.733674853515625  24.782864526379296  -1.5164306640625  1.840593269897058
2.2159999999999997  -0.762409912109375  6.926646521282399  -1.5237748046875  1.5420079717647435
2.2165  -0.768026318359375  6.366332742178032  -1.526632421875  1.5034002587539206
2.217  -0.763903173828125  5.228677508100519  -1.52238583984375  1.4809456419480487
2.2175  -0.763869970703125  4.823168733930151  -1.5223798828125  1.403928051785453
2.218  -0.75605361328125  5.9214333697130455  -1.51778603515625  1.5559795628777147
2.2184999999999997  -0.749181494140625  12.385062805628792  -1.5170318359375  1.6641695450620633
2.219  -0.754121630859375  6.812431931432945  -1.5161244140625  1.5710377069584798
2.2195  -0.758764501953125  5.997598773790455  -1.51803369140625  1.4829613022607133
2.2199999999999998  -0.756374560546875  7.882930859370579  -1.518900390625  1.5718884139627776
2.2205  -0.75435400390625  6.9813268368435235  -1.5163931640625  1.6039843539146081
2.221  -0.757630126953125  6.295381619057905  -1.51607392578125  1.5441804795445153
2.2215  -0.736935791015625  13.306799723472132  -1.50937265625  1.70022478110545
2.222  -0.74645693359375  14.35474101384952  -1.513608203125  1.7025684289429943
2.2224999999999997  -0.722342578125  28.558911400731144  -1.50550283203125  1.9524837075616814
2.223  -0.73956201171875  13.44081682929519  -1.508328515625  1.7050178008297243
2.2235  -0.750968017578125  6.57167445826774  -1.511841796875  1.5028613399586521
2.2239999999999998  0.091806787109375  974.6942900460486  -1.50655810546875  1.9214603549838596
2.2245  0.742344580078125  7.959501524706358  -1.5078740234375  1.5813379465096815
2.225  0.739940771484375  11.269380942025174  -1.50717880859375  1.6496185999160222
2.2255  0.7437732421875  6.922632420313011  -1.50678642578125  1.5896073628813574
2.226  0.738864013671875  11.433754254473978  -1.50607275390625  1.6621632337147996
2.2264999999999997  0.73883583984375  11.919429211328662  -1.50633984375  1.6449279885548602
2.227  0.738604052734375  9.045801898043775  -1.50464931640625  1.6667495441522984
2.2275  0.740279052734375  11.567987394671611  -1.50547421875  1.6003954376033065
2.2279999999999998  0.72599189453125  19.509253751104588  -1.49979443359375  1.8952927900171328
2.2285  0.735266943359375  10.851333868734255  -1.5032474609375  1.598856945470656
2.229  0.7289796875  12.05771784039934  -1.499533203125  1.7274185233609811
2.2295  0.744673876953125  6.298782403561323  -1.50334306640625  1.5762756644766884
2.23  0.725894482421875  12.784708783978115  -1.49743818359375  1.6747984993585374
2.2304999999999997  0.738745166015625  8.427970978510798  -1.50059150390625  1.639320953197396
2.231  0.725830712890625  12.513204384905755  -1.49758818359375  1.7148636862909643
2.2315  0.729112451171875  12.00077515943171  -1.49686689453125  1.7305454257367963
2.2319999999999998  0.734185205078125  8.29332411562908  -1.4965900390625  1.7008441059626633
2.2325  0.745011279296875  5.676295254054782  -1.501146875  1.53445266142381
2.233  0.70586962890625  26.220200087728678  -1.49022763671875  1.9496639093019297
2.2335  0.74073212890625  5.855182459407269  -1.49773056640625  1.5205248069629205
2.234  0.7386091796875  7.2179689919288395  -1.49740107421875  1.5445294184185254
2.2344999999999997  0.726166064453125  11.424475780371456  -1.49238857421875  1.6710955308093944
2.235  -0.71761884765625  27.198814127359686  -1.494496484375  1.68135679936871
2.2355  -0.7166849609375  13.815707418013345  -1.488201171875  1.8739588117538013
2.2359999999999998  -0.727752392578125  15.719222828498056  -1.49377841796875  1.7455007617508613
2.2365  -0.73296298828125  7.550007026866178  -1.49335634765625  1.5631439936213227
2.237  -0.726560595703125  9.193241543496844  -1.48982080078125  1.6965233667466948
2.2375  -0.72972421875  7.8234679578211574  -1.49089716796875  1.6242032601279315
2.238  -0.7247763671875  8.745832214519114  -1.4893677734375  1.5840699920166579
2.2384999999999997  -0.70851318359375  13.59583015228869  -1.48372685546875  1.85099624477778
2.239  -0.699191943359375  23.64558129936903  -1.48088369140625  1.8364749100332582
2.2395  -0.72814990234375  7.912066465990484  -1.4881638671875  1.5808584861563768
2.2399999999999998  -0.719398974609375  9.681458301300188  -1.48482783203125  1.6835474149041427
2.2405  -0.70150947265625  18.47239671932534  -1.47879482421875  1.9475347108201206
2.241  0.17782529296875  841.6178164609653  -1.47797685546875  1.9901956846220028
2.2415  0.691885888671875  24.430221630112243  -1.476721875  1.9596806422497528
2.242  0.7137716796875  12.133618029312563  -1.4823857421875  1.7258428413711706
2.2424999999999997  0.723423681640625  8.791912215679965  -1.48379775390625  1.6808663437693654
2.243  0.7097328125  11.741954014991101  -1.47874248046875  1.6795741932298132
2.2435  0.70269677734375  15.641303466524777  -1.4771423828125  1.8875541599721555
2.2439999999999998  -0.123795166015625  803.9336046052277  -1.467150390625  2.1879157917594525
2.2445  -0.69955908203125  17.715433816952036  -1.47586015625  1.9052978114715946
2.245  -0.1329220703125  872.3733362527144  -1.474739453125  1.92787072125148
2.2455  0.692387939453125  14.092204717485984  -1.47018310546875  1.8076545168862248
2.246  0.719699853515625  6.63668879566712  -1.47904794921875  1.5238969453952762
2.2464999999999997  0.6820357421875  19.125520077829478  -1.4683181640625  1.9931270810989457
2.247  0.59964287109375  124.07761116125309  -1.4575458984375  2.71306881629506
2.2475  0.711798779296875  8.438692017515251  -1.474886328125  1.5917137035217273
2.2479999999999998  0.374954736328125  592.4969081486975  -1.4645791015625  2.035491084966496
2.2485  -0.701588427734375  14.701215272156135  -1.4725728515625  1.6948611502062658
2.249  -0.527269873046875  317.413865280537  -1.46123212890625  2.1977877824087972
2.2495  0.679184912109375  21.132879894104  -1.462878125  1.9372969098714163
2.25  0.684952294921875  21.190162285898317  -1.46477333984375  1.9198635043138006
2.2504999999999997  0.651403369140625  48.49502966753481  -1.4581501953125  2.20559936417289
2.251  0.672012451171875  23.52070271621902  -1.46015283203125  2.0456723375963373
2.2515  0.672298583984375  28.912241467385407  -1.4609365234375  2.1227915065961493
2.252  -0.05007177734375  878.1785916819599  -1.46501884765625  1.8908721033417974
2.2525  -0.67897568359375  16.048924814078035  -1.4585625  1.8692173143420274
2.253  0.11092099609375  749.6059676410446  -1.45030732421875  2.349963622926482
2.2535  0.02007841796875  823.6686071040709  -1.456468359375  2.083355817115105
2.254  -0.62455537109375  111.86453899995487  -1.4532408203125  1.9500769997760432
2.2544999999999997  0.66582412109375  25.156266364475915  -1.45610107421875  1.8366391860126465
2.255  0.64549853515625  37.714371985431676  -1.4505541015625  2.0039401979031903
2.2555  0.6688013671875  25.745839290830627  -1.4544404296875  1.9577680644965592
2.256  0.655511962890625  36.37786218856934  -1.45279482421875  2.2083138666073774
2.2565  0.656455078125  23.040996496233067  -1.45000263671875  1.9535528083749103
2.257  0.304602587890625  631.5159075665593  -1.44796357421875  2.196104145179786
2.2575  -0.6661732421875  21.913386714493438  -1.4527525390625  1.7943160533855456
2.258  -0.64139951171875  44.031636286934614  -1.44843671875  2.227782542790669
2.2584999999999997  0.31772138671875  560.1556341825154  -1.44140224609375  2.1567154589560307
2.259  0.644744189453125  27.231429454400445  -1.4440986328125  2.082007656716323
2.2595  0.647551904296875  27.870167276494755  -1.44507568359375  2.000858235641098
2.26  0.6661962890625  19.312584131291636  -1.449464453125  1.9310005688826657
2.2605  0.676390771484375  15.823636764158776  -1.45077060546875  1.8667068588667552
2.261  -0.44294677734375  465.80355742368897  -1.44748076171875  1.936249870581895
2.2615  -0.57301376953125  169.660069956317  -1.4413171875  2.257147816581277
2.262  0.628849951171875  30.014965412724944  -1.4367681640625  2.035010185356434
2.2624999999999997  -0.48451865234375  328.6362507106181  -1.439470703125  1.9606253441592982
2.263  -0.6492341796875  21.130470166054547  -1.43867734375  1.9977972868598115
2.2635  -0.65394208984375  21.717067582542974  -1.4407875  1.9716068930157877
2.264  -0.5171458984375  284.1239841079809  -1.4350154296875  2.0199068196971557
2.2645  -0.338019140625  552.9187444480018  -1.43713095703125  2.0537083400312546
2.265  0.543305126953125  208.2962285789139  -1.432741015625  2.19725432498097
2.2655  0.376001611328125  473.30117000778927  -1.43187392578125  2.2159743042662057
2.266  0.3855615234375  409.69797451628693  -1.42481552734375  2.348243410317364
2.2664999999999997  -0.285013232421875  583.7147707219929  -1.431768359375  2.0695757365811867
2.267  -0.019932373046875  732.339851864795  -1.43038037109375  2.3273639099125103
2.2675  -0.220206103515625  535.2952585703167  -1.415816015625  2.372376630738366
2.268  0.0911443359375  586.9877223682072  -1.41291474609375  2.7013350515029138
2.2685  -0.2939974609375  521.2257640277854  -1.42147880859375  2.4189180479541443
2.269  0.61044111328125  34.68600471213585  -1.42528212890625  2.1699028620392586
2.2695  0.589539892578125  68.81638905643705  -1.4247767578125  2.2792703545541357
2.27  0.62928935546875  30.656528343044478  -1.42960888671875  1.9102394250613068
2.2704999999999997  0.62832265625  28.765909773865996  -1.42796083984375  1.9865573019795193
2.271  -0.5259751953125  135.3406450868972  -1.41347265625  2.2040743716217226
2.2715  -0.598120703125  48.087903014665436  -1.42019130859375  2.2502506825765476
2.272  -0.618789501953125  32.28292339279393  -1.4251029296875  2.0370386013099595
2.2725  -0.625971240234375  24.229831795409673  -1.4240296875  1.9222198615239738
2.2729999999999997  -0.573488671875  56.39560172101858  -1.41413349609375  2.179818022159929
2.2735  0.424728125  331.0945393312899  -1.41422626953125  2.2330823057748805
2.274  0.54627294921875  103.99480880632622  -1.412397265625  2.120438078433893
2.2744999999999997  0.60703935546875  40.457006727285574  -1.41888759765625  2.2508245859316736
2.275  0.119947802734375  631.6490930461839  -1.41445625  2.219098410336821
2.2755  -0.367401904296875  383.2064259105098  -1.408521875  2.2353971626820908
2.276  0.521316259765625  169.3725616648202  -1.412989453125  2.0222142899923052
2.2765  0.53801708984375  83.7591958251257  -1.40507783203125  2.071910355570109
2.277  -0.492622998046875  142.38721162645055  -1.401044921875  2.3426717885107893
2.2775  -0.592876513671875  32.39367939454841  -1.41020234375  2.0246880216308814
2.278  -0.09523779296875  539.26292105834  -1.39756748046875  2.4393002703311497
2.2784999999999997  -0.3842109375  291.3437534733652  -1.3958556640625  2.216721440611479
2.279  -0.53715830078125  67.17378894250135  -1.40214453125  2.19696074278161
2.2795  -0.215063916015625  423.1564705412671  -1.38964853515625  2.4070094503367145
2.28  0.17414130859375  553.976772806178  -1.4007681640625  2.1253761226710735
2.2805  -0.2395404296875  536.1345759181785  -1.405999609375  2.0996555112910014
2.2809999999999997  -0.049383349609375  483.27249651656615  -1.38758271484375  2.25484585086938
2.2815  0.538965966796875  60.26563219728915  -1.39710419921875  2.267060565173094
2.282  0.2322703125  465.98177818758217  -1.3950359375  2.505586536422939
2.2824999999999998  0.585901953125  29.911622698247477  -1.40362060546875  1.9675540835177654
2.283  0.37485654296875  428.710210695203  -1.40795029296875  2.0544782934488866
2.2835  0.26051396484375  378.10080790916834  -1.3847658203125  2.333663582389023
2.284  -0.0382939453125  553.8077657772138  -1.39259228515625  2.301913969281333
2.2845  -0.590070166015625  29.07711320614717  -1.40254345703125  1.8909073241014007
2.285  0.012975927734375  412.8487663344117  -1.3713162109375  2.247513684498418
2.2855  -0.161957666015625  562.979950180789  -1.39757138671875  2.095723360483164
2.286  -0.341392529296875  357.75747491113964  -1.388490625  2.2542470029924893
2.2864999999999998  -0.118612548828125  469.3713708766769  -1.38018623046875  2.103661826049796
2.287  -0.32516787109375  319.8525505240046  -1.38234150390625  2.264172296201256
2.2875  -0.05081181640625  528.1644434260758  -1.3846771484375  2.356775950043238
2.288  -0.434394970703125  254.84513790837642  -1.39166376953125  2.0089194142334
2.2885  0.032787109375  446.4925330183526  -1.3730033203125  2.00536147548971
2.2889999999999997  0.25007744140625  463.1953037310064  -1.38704326171875  2.3246539055570428
2.2895  -0.51475888671875  65.67770205761008  -1.383446484375  2.0965666299394248
2.29  -0.391622412109375  262.3906470373525  -1.3812330078125  2.0365702775203762
2.2904999999999998  -0.262001611328125  375.0647707205672  -1.377817578125  2.0680000383360753
2.291  -0.272473876953125  305.36764265986045  -1.37234697265625  2.144011009258429
2.2915  -0.01665478515625  505.51345423942763  -1.37739248046875  2.291952404913615
2.292  0.095259716796875  514.1060417580128  -1.3792775390625  2.0958940122451986
2.2925  0.285051220703125  393.71376833083  -1.38076240234375  2.173880589107445
2.293  0.245126708984375  362.11633236674373  -1.3731708984375  2.1914465038067594
2.2935  0.2191427734375  260.4940812438004  -1.35770849609375  2.4297983559686385
2.294  0.00358994140625  517.0549552480485  -1.37941240234375  2.273871971665974
2.2944999999999998  0.27938310546875  387.91340417150735  -1.3743734375  2.1548331801992835
2.295  0.2263716796875  368.0967259307598  -1.367839453125  2.287657428648143
2.2955  -0.14331171875  349.04415500190595  -1.35600224609375  2.162509018826637
2.296  -0.194297314453125  364.8417075736292  -1.36162626953125  2.345536759320796
2.2965  -0.41963974609375  142.06670568118258  -1.36419892578125  2.1150903735455313
2.2969999999999997  -0.3694912109375  200.84310491435846  -1.363771875  1.9862250071497385
2.2975  0.219285888671875  264.88964329168505  -1.3518525390625  2.124972908262356
2.298  0.017273095703125  479.4872442791244  -1.36697646484375  2.261382393776883
2.2984999999999998  0.122818505859375  413.3765927323144  -1.35938369140625  2.0134849663775913
2.299  -0.364516650390625  233.8608547083948  -1.36596650390625  2.105562988732595
2.2995  -0.28239794921875  289.36439392352617  -1.3601013671875  2.3498328159949935
2.3  0.093782958984375  397.3157677240787  -1.35301748046875  2.0366443894656125
2.3005  0.3050205078125  269.50762447871386  -1.35727138671875  2.0439934716284758
2.3009999999999997  0.241365625  252.43891219075945  -1.34766611328125  1.8492241244237348
2.3015  0.181259765625  395.34572018248974  -1.3599708984375  1.9126031811504731
2.302  0.047717138671875  354.6483392116188  -1.34621328125  2.283548961315543
2.3024999999999998  -0.260113427734375  215.4723664532056  -1.34452001953125  2.04979788154958
2.303  0.24029384765625  234.8064220602034  -1.3428810546875  2.179215723754939
2.3035  -0.11823193359375  357.67153731710914  -1.35043896484375  2.0934174558472267
2.304  0.11821708984375  368.7274299647183  -1.350029296875  2.151835921369809
2.3045  0.1939435546875  323.8416482302967  -1.34759296875  2.113319605283517
2.3049999999999997  0.114012890625  384.0897474060467  -1.3480642578125  2.1682038504137138
2.3055  -0.14734794921875  360.16242318557187  -1.3467330078125  2.150414962192512
2.306  0.195016796875  280.4267470765123  -1.34124345703125  1.9198903298429248
2.3064999999999998  0.0855005859375  303.41728680027916  -1.3397275390625  1.8684092028617805
2.307  -0.126879833984375  282.354997938505  -1.3383291015625  1.9855090270283045
2.3075  0.157605615234375  261.174509944775  -1.3359916015625  2.0559146733766864
2.308  0.28104326171875  303.91066794354896  -1.34932421875  2.0216687412142136
2.3085  -0.01874072265625  338.8460428338037  -1.340036328125  2.0859563604130935
2.3089999999999997  -0.021570703125  320.6673440468006  -1.33769072265625  2.135607786201602
2.3095  -0.025980322265625  271.1907699349452  -1.331415234375  1.8265113596984823
2.31  -0.01837841796875  300.3771001078024  -1.332067578125  1.937255509759023
2.3104999999999998  -0.156412060546875  269.45455966240655  -1.33355048828125  1.837621843909406
2.311  0.070656298828125  353.85032324311294  -1.33683525390625  2.1781606619614013
2.3115  0.365047265625  143.0812955254975  -1.3393458984375  1.9484147028299856
2.312  0.05265419921875  289.2497355164461  -1.3312412109375  1.9254519089125202
2.3125  0.21679912109375  193.4822185721453  -1.322967578125  1.9896097345212358
2.3129999999999997  0.231770068359375  279.199411167007  -1.3375146484375  1.9264629551766583
2.3135  0.090723974609375  287.3160944645179  -1.32901142578125  2.0887749718167674
2.314  -0.220609912109375  237.32050353199529  -1.32902880859375  2.0273643410653226
2.3145  0.125431982421875  293.3113130223143  -1.326265234375  2.1449655119523903
2.315  -0.052308154296875  325.7455753685163  -1.329975  1.9404193591425278
2.3155  -0.111027294921875  276.84593800643336  -1.3262212890625  1.9396277669170088
2.316  0.156987060546875  230.35012173709643  -1.32297451171875  1.7334072269369034
2.3165  -0.213227294921875  218.96108449647483  -1.32682958984375  1.8701507695890818
2.3169999999999997  -0.061804443359375  253.0840282506634  -1.32067275390625  1.8894441631920784
2.3175  0.099947314453125  274.52020432914895  -1.3193255859375  1.953048605103493
2.318  0.0955884765625  257.1205975774509  -1.324207421875  1.9046142208193046
2.3185  0.069637060546875  194.4276862654961  -1.3114744140625  1.6477524186207066
2.319  -0.0785494140625  345.3073409754339  -1.32707587890625  1.9371037816594892
2.3195  0.148007763671875  196.2710243334324  -1.31590927734375  1.6861270627581784
2.32  -0.024889697265625  262.19322165829993  -1.31838857421875  1.8159766132948674
2.3205  -0.0624255859375  197.09553705013738  -1.30809609375  1.6468072812140082
2.3209999999999997  -0.073654638671875  311.1070846777344  -1.3196  1.8659737117275919
2.3215  0.143776611328125  277.30096025340146  -1.32185068359375  1.8793288980920313
2.322  0.049801611328125  323.22572996587917  -1.32301484375  1.9785559490781508
2.3225  -0.1742505859375  225.97067681519107  -1.315781640625  1.8399385949218676
2.323  0.032867138671875  222.9291822848241  -1.30780361328125  1.7739934994971391
2.3235  -0.032567724609375  247.82664299477062  -1.30876826171875  1.6912092549855544
2.324  0.0708625  265.48287570890705  -1.31160908203125  1.7857793844155656
2.3245  -0.09301865234375  317.42496353179115  -1.31906640625  1.9203242268465495
2.3249999999999997  -0.082358154296875  172.61567056021084  -1.3011685546875  1.6706666294079449
2.3255  0.060990478515625  245.78654553781698  -1.3077447265625  1.8420567649163622
2.326  0.022180322265625  269.91239160404376  -1.30907802734375  1.7946428639846324
2.3265  0.094580908203125  224.15150151662488  -1.30656630859375  1.6521593979976303
2.327  0.12521884765625  219.1128556738659  -1.30595244140625  1.652073036407522
2.3274999999999997  0.11597470703125  218.88616916351708  -1.30509287109375  1.829846687834253
2.328  0.06264033203125  201.5939751803956  -1.30049091796875  1.6700812742772795
2.3285  0.004284228515625  238.63644893993165  -1.30365244140625  1.8714474537946124
2.3289999999999997  0.05358681640625  137.33900597022264  -1.291501953125  1.4845259542992109
2.3295  -0.126520361328125  248.6225931045381  -1.30733017578125  1.8283857581862866
2.33  0.085672021484375  231.56803207580725  -1.30054873046875  1.7675249938337079
2.3305  -0.08301689453125  221.88733198936322  -1.2998576171875  1.6537592230771054
2.331  0.04415166015625  244.68735278634105  -1.30056103515625  1.7100540523675243
2.3315  -0.000981396484375  203.04119162907713  -1.297526171875  1.7048312205555325
2.332  -0.06030859375  219.89572492428712  -1.29910263671875  1.7631290929536807
2.3325  0.04833935546875  191.84402774944738  -1.29474560546875  1.6508994655229068
2.3329999999999997  -0.09477177734375  213.70554569677924  -1.29824033203125  1.7163374889735992
2.3335  -0.10962587890625  141.19406287227812  -1.28868388671875  1.486751175472775
2.334  -0.05864765625  188.4846144175771  -1.2917171875  1.571374321806004
2.3345  -0.13884140625  167.42938440886698  -1.28887802734375  1.6411401421041532
2.335  0.083163427734375  200.4630876649115  -1.29217138671875  1.6431173366648448
2.3354999999999997  -0.0388708984375  162.70531036843022  -1.287473828125  1.6041555275926858
2.336  -0.004255126953125  181.00442939225292  -1.287732421875  1.5207027980056427
2.3365  0.07010380859375  157.29050643709542  -1.28513154296875  1.4874908548767092
2.3369999999999997  -0.142999755859375  150.6666772253047  -1.28898720703125  1.5109106550284277
2.3375  -0.086744189453125  137.20838112700116  -1.2836759765625  1.5851791231947228
2.338  -0.022122216796875  164.15185274553156  -1.28548623046875  1.4938590628269677
2.3385  -0.152839697265625  153.67613581652486  -1.28627802734375  1.6580708517889893
2.339  0.078230810546875  154.24180436564353  -1.2812908203125  1.5117276220208704
2.3395  0.050138134765625  152.66194822761526  -1.2811458984375  1.4328046327313861
2.34  0.0764927734375  142.3502145466747  -1.2812396484375  1.5288430774425181
2.3405  -0.00430869140625  192.95858945002072  -1.28437646484375  1.6725480623100373
2.3409999999999997  0.027255224609375  181.1953273634022  -1.28300439453125  1.4849079532189717
2.3415  -0.0646478515625  122.94189103145686  -1.27544599609375  1.386209318216212
2.342  -0.03528701171875  158.070276257589  -1.277251171875  1.4535634179870895
2.3425  0.009196826171875  176.72289592282135  -1.2784587890625  1.5107494489836966
2.343  0.01031337890625  172.54807820367517  -1.2783837890625  1.5764939324614895
2.3434999999999997  -0.03721689453125  124.76725430377576  -1.27284169921875  1.432413851894892
2.344  -0.130994677734375  158.2986815221335  -1.2780236328125  1.6980053879292611
2.3445  0.039031396484375  153.61693309903748  -1.27475947265625  1.457124248647677
2.3449999999999998  -0.010777392578125  116.8527071818322  -1.27166767578125  1.3689684397958817
2.3455  -0.054879345703125  160.04664206125676  -1.27403193359375  1.4942865145662254
2.346  0.0940330078125  131.03798239683235  -1.2716212890625  1.3433578217595752
2.3465  -0.153691064453125  156.66184750039537  -1.27918173828125  1.6671618402785806
2.347  0.0225365234375  193.17553169478322  -1.2785671875  1.6440896688590885
2.3475  0.099392724609375  128.75193574876445  -1.27000166015625  1.476411802252312
2.348  -0.0415896484375  161.73029671389213  -1.27363779296875  1.4472154618387096
2.3485  0.0448126953125  128.84910248689323  -1.268397265625  1.3362466775728963
2.3489999999999998  0.014495703125  137.13547277272247  -1.2691732421875  1.4921151648263375
2.3495  0.021040869140625  141.98950960772487  -1.26962412109375  1.4260995545295745
2.35  0.0581759765625  154.69768107905585  -1.26996787109375  1.514094755538272
2.352  0.04710361328125  111.47062962902253  -1.261526953125  1.3812790732856266
2.354  -0.037615478515625  111.56908701269364  -1.25867177734375  1.4109201141184744
2.356  -0.00507216796875  140.10389199581851  -1.26161005859375  1.3908839016954335
2.358  0.03938671875  116.0185638418416  -1.255777734375  1.413393148003317
2.36  0.00599111328125  110.96514830837859  -1.251937109375  1.2816525276723996
2.362  -0.065483740234375  104.52997784150332  -1.25067236328125  1.284121540742281
2.364  -0.013963671875  105.7955300678141  -1.24595546875  1.2807579606390438
2.366  -0.04783857421875  116.60715742403778  -1.2471025390625  1.32970835624546
2.368  0.051290283203125  106.45098691115508  -1.24652822265625  1.2755557437043605
2.37  -0.075435107421875  97.16663441158606  -1.23921787109375  1.2304024929161708
2.372  -0.003192041015625  102.02343223377144  -1.23770341796875  1.2796016827188765
2.374  0.031400146484375  103.01701223860292  -1.2357818359375  1.3135477905023156
2.376  -0.00031513671875  89.90388876510879  -1.23331337890625  1.2484211315083884
2.378  0.0291884765625  107.23757930607391  -1.23345576171875  1.3243556465345516
2.38  0.03438466796875  91.39535729383863  -1.22825107421875  1.2116300885174305
2.382  -0.02028701171875  76.83311773324347  -1.2257041015625  1.2628388047396348
2.384  -0.004865478515625  70.59390600411844  -1.22206279296875  1.1988573726572793
2.386  0.01073017578125  72.73046097140545  -1.219291796875  1.1053314712282076
2.388  0.0413943359375  60.92332710289729  -1.21818193359375  1.1346944486462553
2.39  -0.05028427734375  69.39326158928804  -1.215439453125  1.1712327914648002
2.392  -0.007970556640625  68.45313999068755  -1.21311611328125  1.11583223510655
2.394  0.040397705078125  65.98264607227297  -1.21197861328125  1.2101505370566585
2.396  0.039012255859375  72.24378583103594  -1.2105134765625  1.172944827197577
2.398  0.00560498046875  59.00996059501081  -1.20547265625  1.1196180629223411
2.4  0.02086728515625  74.38084432355144  -1.20634296875  1.1663843159722218
2.402  -0.032626953125  67.04231507923085  -1.2043904296875  1.1308149235358944
2.404  -0.00994189453125  72.62002313811291  -1.200717578125  1.1549001013937
2.406  0.009855322265625  62.76024650057391  -1.197566796875  1.0995158190052086
2.408  -0.003530517578125  52.16439552474418  -1.19499033203125  1.0929006007491304
2.41  -0.013977099609375  60.886010580098386  -1.19228330078125  1.0867068433993183
2.412  0.003944287109375  57.60350486807094  -1.18985927734375  1.0761602290485524
2.414  0.000885205078125  57.782498290242955  -1.19067822265625  1.0664497016482082
2.416  0.025973876953125  48.39645618959136  -1.1840666015625  1.0613958731667905
2.418  0.02581494140625  50.26653445472433  -1.183081640625  1.0589135074830365
2.42  -0.008519287109375  49.32839046509798  -1.182453515625  1.0297267667636631
2.422  -0.018793505859375  59.81909170864972  -1.18064638671875  1.0565695399858674
2.424  -0.0261193359375  47.325108188234836  -1.1787841796875  1.0756419496494922
2.426  -0.00973251953125  48.24377729349688  -1.1755984375  1.0821339287171292
2.428  0.0145349609375  51.23108597540414  -1.1746005859375  1.0248910905231063
2.43  -0.022590771484375  47.25801464328944  -1.173048828125  1.036121348900894
2.432  0.005475537109375  46.66176723552102  -1.1702703125  1.0093556175338347
2.434  -0.001106640625  41.47003406776397  -1.16828154296875  1.0123430952279922
2.436  -0.0073828125  41.44287229641318  -1.16627255859375  0.9366831095608273
2.438  0.00753955078125  47.261719839119536  -1.16566865234375  1.0386070379009644
2.44  -0.013676611328125  46.33699210981925  -1.16149755859375  1.0450330195111466
2.442  0.0068484375  37.37161400133087  -1.16112568359375  0.9620469453082144
2.444  -0.014124951171875  40.78083791843146  -1.159311328125  0.9645025327775406
2.446  0.01106884765625  38.380818986594825  -1.15607158203125  0.9602194298356502
2.448  -0.00336611328125  41.415345323973014  -1.1540654296875  0.974494380348897
2.45  -0.010494580078125  40.758687001590395  -1.15265400390625  0.9948078708805357
2.452  0.01859560546875  38.1852349395742  -1.15000546875  1.0107538748870675
2.454  0.01132412109375  35.86268473218151  -1.1494091796875  0.9696934021769853
2.456  -0.000431640625  35.17714205326242  -1.14592919921875  0.97031081971849
2.458  0.01342138671875  36.49147499515294  -1.14583037109375  0.9893157871541532
2.46  0.001994970703125  30.859453345524482  -1.1406875  0.952819104658144
2.462  0.013771875  29.808808441815597  -1.1408333984375  0.909475337863957
2.464  0.00485322265625  36.50197037640459  -1.13911376953125  0.9302344485465535
2.466  0.0139564453125  39.10782839751875  -1.1375025390625  0.9165316602375105
2.468  0.00214892578125  34.47430912516144  -1.13460703125  0.909997354713944
2.47  0.004922607421875  26.897321315848778  -1.1334283203125  0.9437355961570202
2.472  0.015408935546875  26.33203476347198  -1.12877255859375  0.9216340928939327
2.474  -0.01207685546875  28.209625308063234  -1.1307171875  0.8769854428661548
2.476  -0.0094115234375  31.02024106617276  -1.127608203125  0.9096379841589848
2.478  0.00809287109375  28.790442493300414  -1.12630595703125  0.9402679825848862
2.48  -0.00254140625  29.090448689894156  -1.12462958984375  0.8921546461345944
2.482  0.003722607421875  29.45917175884729  -1.12326435546875  0.9074456153237006
2.484  -0.007392333984375  25.81855965670526  -1.1193544921875  0.9085078372101613
2.486  0.009894677734375  25.650621859565913  -1.120081640625  0.9133449933261745
2.488  -0.0110689453125  27.31611986416047  -1.11707890625  0.879871011078317
2.49  -0.007426513671875  27.07564728043031  -1.11633759765625  0.8858080904882732
2.492  0.002585009765625  29.315526170146818  -1.11361474609375  0.8797991288755155
2.494  0.010219775390625  26.679388663256653  -1.1114244140625  0.8437282093051534
2.496  -0.00094140625  26.730745683718958  -1.1085240234375  0.8898687156010344
2.498  -0.0024591796875  25.719821902459465  -1.10806552734375  0.8911627195006039
2.5  0.000302880859375  27.09159262808985  -1.1067373046875  0.8462332493750728
2.51  0.017733740234375  25.101416338672657  -1.09790048828125  0.8563814649210725
2.52  0.00827919921875  23.50444089718192  -1.08981328125  0.8204777372290218
2.53  -0.00899677734375  20.727935799638715  -1.08003935546875  0.8075987873227298
2.54  0.005256689453125  18.822774284691036  -1.07429833984375  0.8035614819326439
2.55  0.00072958984375  20.35730268319547  -1.0667296875  0.7863915961167774
2.56  -0.0019244140625  16.43027242376709  -1.0575771484375  0.7502284759282329
2.57  -0.00277392578125  16.0619491119741  -1.0499173828125  0.7357864064701256
2.58  0.001923486328125  15.976572801413363  -1.0427044921875  0.7490967196750369
2.59  0.00437900390625  14.31489163125905  -1.03559580078125  0.7258330355687906
2.6  8.447265625e-05  13.586842048903245  -1.02733076171875  0.7111058403696264
2.61  -0.0093474609375  13.121688210548372  -1.02140068359375  0.7013124827456272
2.62  0.00410185546875  12.447753354469823  -1.01452685546875  0.6689041693771934
2.63  -0.00288603515625  11.555974931544084  -1.00674755859375  0.669028885405435
2.64  -0.000619384765625  11.19636511887059  -1.001118359375  0.6295866137404237
2.65  0.003205810546875  10.411937098227448  -0.9946572265625  0.6578607595007149
2.66  -0.003274609375  11.129235857847743  -0.9868580078125  0.6292300880623056
2.67  -0.005111279296875  10.292714540024432  -0.98132421875  0.6356411183703289
2.68  -0.00246630859375  9.790501326011544  -0.97590146484375  0.6176910673084636
2.69  -0.00071953125  9.085237824930298  -0.96896123046875  0.6124033892943481
2.7  0.001589404296875  9.296043917820457  -0.9639861328125  0.5810420764531772
2.71  -5.869140625e-05  8.756848172264183  -0.95810654296875  0.5944323498146133
2.72  0.00099326171875  8.196802989415785  -0.9517806640625  0.5667222877371163
2.73  -0.00054833984375  8.031725858158769  -0.945639453125  0.5458860335406645
2.74  0.000514111328125  7.636732472339046  -0.9416158203125  0.5579642560330373
2.75  0.004292822265625  7.083930295138495  -0.9338072265625  0.5546528998140485
2.76  0.006855224609375  7.19109641776707  -0.92868125  0.5562222250117967
2.77  -0.003074462890625  7.383990928104553  -0.92347099609375  0.5231009683379685
2.7800000000000002  -0.0005578125  6.935047114658273  -0.91852705078125  0.5308050396457918
2.79  0.000872998046875  6.46068244343288  -0.9128455078125  0.5276090572248583
2.8  -0.00175439453125  6.234134260253906  -0.908694140625  0.5129401467634265
2.81  0.00301240234375  6.500923773785033  -0.90303818359375  0.5184237693242665
2.82  0.000556494140625  5.901290649902344  -0.897609765625  0.4954747221751303
2.83  0.00028154296875  5.56798342688549  -0.8925412109375  0.49051746882760555
2.84  0.00021796875  5.722543507592431  -0.8885828125  0.49103168595633034
2.85  0.00126318359375  5.314031397683662  -0.882505859375  0.46402181632807676
2.86  0.000231494140625  5.3706498337760875  -0.878283203125  0.47068132725013073
2.87  0.00295  5.421779068706446  -0.87406064453125  0.46789667930571277
2.88  -0.00111376953125  4.932289781019422  -0.86964365234375  0.4667556065641855
2.89  -0.000710400390625  4.861840386431526  -0.864216015625  0.448736118835439
2.9  0.001632373046875  5.0412092478414605  -0.85983671875  0.44800166290128696
2.91  -0.0007998046875  4.614463177888746  -0.8560263671875  0.4504654596182636
2.92  0.000147900390625  4.714885605599181  -0.85043388671875  0.44003571696714155
2.93  0.001100341796875  4.511964203068339  -0.8461609375  0.4419660658540274
2.94  0.000682373046875  4.370239853631882  -0.842043359375  0.4331875129431092
2.95  0.000481005859375  4.131087552300715  -0.838976171875  0.4186244727808215
2.96  -0.002786669921875  4.142085524965029  -0.83467509765625  0.44031743752118224
2.97  0.000926708984375  4.098720103242713  -0.82906650390625  0.41668146248805205
2.98  -0.003417724609375  3.983870890490641  -0.82466025390625  0.4070326688506515
2.99  0.000966015625  3.8846380948996653  -0.82136484375  0.3921929784062922
