T  M chi U c
1.51  0.985957080078125  0.028129745704060672  -1.94925419921875  0.20171499224526812
1.52  0.98521552734375  0.0297346548044767  -1.94672333984375  0.2112163181929316
1.53  0.9846521484375  0.03109723343030447  -1.944815625  0.21562700350291553
1.54  0.983998779296875  0.033126447365558226  -1.9427146484375  0.22370879955464046
1.55  0.983323974609375  0.034515742148091846  -1.9404455078125  0.2291373477983313
1.56  0.98265390625  0.03548399078516841  -1.9381876953125  0.23241998991677512
1.57  0.981932275390625  0.037148902877135556  -1.93581240234375  0.23976713938304958
1.58  0.98124970703125  0.03948358380512217  -1.93360244140625  0.2489044852672031
1.59  0.980375439453125  0.04175742568141177  -1.93072646484375  0.25829787129765613
1.6  0.9795953125  0.04332571328127699  -1.92819775390625  0.26231126775737573
1.61  0.978781884765625  0.04428933058610574  -1.92548935546875  0.26643901888429017
1.62  0.977962451171875  0.04735775607491913  -1.9228826171875  0.2771675894818142
1.63  0.9770595703125  0.04950340239165152  -1.9200193359375  0.28455758765796574
1.6400000000000001  0.976163818359375  0.05113950072495477  -1.9171234375  0.28846512399624424
1.65  0.975190625  0.05449037462119922  -1.91407412109375  0.3008558089380919
1.66  0.974283935546875  0.0580982000879414  -1.91117421875  0.311079243404382
1.67  0.97316005859375  0.05975255379281043  -1.90769501953125  0.31453026111524013
1.68  0.9723171875  0.06225914490334801  -1.90501455078125  0.3236000673429074
1.69  0.97127060546875  0.06582500623503271  -1.90185478515625  0.331665974905623
1.7  0.97012548828125  0.06745204948876617  -1.89823388671875  0.33790256263185364
1.71  0.96897529296875  0.07304937494866102  -1.89484404296875  0.35108699575487395
1.72  0.967805126953125  0.07687190395475142  -1.89120498046875  0.3610758252684984
1.73  0.96648876953125  0.07921584839572976  -1.88729453125  0.3661896866334301
1.74  0.965285595703125  0.083220966346472  -1.88358017578125  0.3756157049125868
1.75  0.9639818359375  0.08986797837061593  -1.88005478515625  0.39296874642545565
1.76  0.9626078125  0.09230353995022257  -1.875758203125  0.3962867683347632
1.77  0.961379541015625  0.09698049522070619  -1.87222666015625  0.40828465887911347
1.78  0.959780126953125  0.10192981888469936  -1.86770009765625  0.41616556759423
1.79  0.958598193359375  0.10420146609719048  -1.86403271484375  0.4228099196116082
1.8  0.956703271484375  0.1147241236858084  -1.8590013671875  0.4380131224800966
1.81  0.955265185546875  0.12042915260131518  -1.8549375  0.4449488530572064
1.82  0.9537708984375  0.1240244838384939  -1.8506029296875  0.45672112779585455
1.83  0.9519451171875  0.13425421189807463  -1.845634765625  0.4764388294942454
1.84  0.949949951171875  0.14329285911899253  -1.84052529296875  0.4802252253773542
1.85  0.94820419921875  0.14984654074642337  -1.835596875  0.48951810701242376
1.8599999999999999  0.94638310546875  0.1576606215924888  -1.83070859375  0.5093207579994536
1.87  0.94436875  0.17039275100273088  -1.8253513671875  0.5228216822289475
1.88  0.94256591796875  0.17231790420858467  -1.82024453125  0.530886816185285
1.8900000000000001  0.94021337890625  0.19326209994525403  -1.81475068359375  0.5502654135933749
1.9  0.938399658203125  0.19383912337454937  -1.80944267578125  0.5618340756767758
1.9100000000000001  0.935943017578125  0.21685431736613  -1.8036677734375  0.5865752587713088
1.92  0.93375234375  0.22147350374339683  -1.79789345703125  0.5929654332241056
1.93  0.931333447265625  0.2293498817486787  -1.79180390625  0.5899389780598193
1.94  0.92896591796875  0.2549677969907337  -1.78639638671875  0.6216962923811447
1.95  0.925894873046875  0.2751825734563122  -1.779169140625  0.6392368536734437
1.96  0.92334326171875  0.29368636786012314  -1.77281103515625  0.6662942558900666
1.97  0.920391650390625  0.3130018098119513  -1.76619052734375  0.668530154085409
1.98  0.917494970703125  0.33790706354437533  -1.75975458984375  0.6838378339079179
1.99  0.9147513671875  0.3604434333974541  -1.75321103515625  0.705174742665019
2.0  0.910966064453125  0.4058842990417588  -1.74540263671875  0.740261025563882
2.01  0.906720361328125  0.4827429810311696  -1.736838671875  0.7697168600019583
2.02  0.904596728515625  0.4342220472508843  -1.73076328125  0.7603253313094551
2.0300000000000002  0.900842236328125  0.479969423490158  -1.7229873046875  0.7824292684755664
2.04  0.896216650390625  0.5535864457804265  -1.71449736328125  0.8183205593417162
2.05  0.892769140625  0.5597132910823281  -1.706516015625  0.8188574598080138
2.06  0.88844638671875  0.6288053157189017  -1.69824091796875  0.8499063751677224
2.0700000000000003  0.884051708984375  0.668746634349263  -1.68949326171875  0.8657155593785206
2.08  0.8793544921875  0.7906212998611075  -1.68095986328125  0.9146668138651749
2.09  0.87491025390625  0.8095727209133853  -1.67239619140625  0.9130175404114701
2.1  0.8676373046875  1.0700634522135843  -1.66104814453125  0.966211708809501
2.11  0.86356376953125  0.9646733863623858  -1.65199306640625  0.9983884552001313
2.12  0.85691220703125  1.235619850194351  -1.64237744140625  1.025476880289171
2.13  0.848494921875  1.5259813593749914  -1.6310451171875  1.076069593904663
2.14  0.845194580078125  1.4130067717935701  -1.6226345703125  1.0766964813982014
2.15  -0.144081298828125  324.35998265326924  -1.6099634765625  1.1533937418114855
2.16  -0.82776572265625  1.8821982826922208  -1.5979998046875  1.1708465778702424
2.17  0.086737451171875  312.9525418946561  -1.5849767578125  1.2528823696799323
2.18  0.810744140625  2.582810079200086  -1.5747361328125  1.2669385040896117
2.19  0.118678759765625  296.9408117590154  -1.5624517578125  1.3006568731544694
2.2  -0.35217333984375  232.1804634897683  -1.5453732421875  1.4306814895322597
2.1005000000000003  -0.868636181640625  0.9027124661992589  -1.66128388671875  0.9591040349220996
2.101  -0.86872958984375  0.8711185908449499  -1.66118671875  0.9505526862336362
2.1015  -0.868910009765625  0.8545618146531537  -1.661085546875  0.9451756401169071
2.102  -0.86698193359375  1.4458638209843033  -1.66046865234375  0.9931514191811441
2.1025  -0.867033056640625  0.996866959245623  -1.65979814453125  0.9742937060884148
2.103  -0.86839306640625  0.9221889162013499  -1.66101552734375  0.9681457822725651
2.1035  -0.867431591796875  0.9118739159610276  -1.6589943359375  0.963321730333781
2.104  -0.8655240234375  1.0781289120239512  -1.65783642578125  0.9883731101978712
2.1045000000000003  -0.86670068359375  0.928182956977447  -1.6581830078125  0.9690352980134183
2.105  -0.86548984375  1.0015023592636345  -1.656726171875  0.9781943807795502
2.1055  -0.8660955078125  0.966486596098764  -1.6569873046875  0.9795375522094516
2.106  -0.86600751953125  0.96088918710216  -1.6567501953125  0.9888399019153754
2.1065  -0.865531005859375  1.064085974558545  -1.65675888671875  1.0008053082915502
2.107  -0.864568896484375  1.0469040725008694  -1.6550484375  1.0012536614903071
2.1075  -0.86353515625  1.2248661773427993  -1.65413271484375  1.0004059102995384
2.108  -0.86469111328125  0.9762033447312092  -1.6545765625  0.9759934785798715
2.1085000000000003  -0.864543212890625  1.0673001346565687  -1.65501943359375  0.9831327119593333
2.109  -0.86323291015625  1.0418950173317978  -1.6529171875  0.9838522677990654
2.1095  -0.864308203125  0.9656288596972119  -1.6535732421875  0.9644546497794279
2.11  -0.86246357421875  1.1404552024909622  -1.65163330078125  1.0065762381950836
2.1105  -0.86309609375  1.0025589370114325  -1.65165888671875  0.9769918533269382
2.111  -0.862585400390625  1.122094725404834  -1.6521447265625  1.0029684313077178
2.1115  -0.861307373046875  1.0648806796660197  -1.64939384765625  0.9901901886286509
2.112  -0.86284453125  1.040858696289001  -1.65138955078125  0.9945742629864683
2.1125000000000003  -0.861036181640625  1.148691535178179  -1.649035546875  1.02062081296168
2.113  -0.860592822265625  1.0956643796852767  -1.64862412109375  1.0187914836319483
2.1135  -0.859546875  1.1948760497988666  -1.64757060546875  1.0254842887563875
2.114  -0.86099296875  1.0132305342360537  -1.6482607421875  1.0059694561342292
2.1145  -0.860072509765625  1.0949589824987922  -1.64753076171875  1.0162941456500252
2.115  -0.85815615234375  1.2270410601313329  -1.646084765625  1.0194053392337568
2.1155  -0.859468701171875  1.123876546249703  -1.64629697265625  0.9928092841634355
2.116  -0.85802763671875  1.314462275847496  -1.6454861328125  1.0435412577110894
2.1165000000000003  -0.85904736328125  1.2535525556961522  -1.64639404296875  1.0242234736892744
2.117  -0.859250830078125  1.143762885309772  -1.64524970703125  1.031839804822955
2.1175  -0.85896826171875  1.0959964063191747  -1.64549619140625  0.994051871559168
2.118  -0.858948291015625  1.0486765109964895  -1.6445240234375  0.9972999242236233
2.1185  -0.85832333984375  1.1454118325125426  -1.643992578125  1.0139394005467783
2.119  -0.857324560546875  1.2555378651290445  -1.64315732421875  1.0361137194063046
2.1195  -0.856902685546875  1.1877936130082392  -1.6427765625  1.0194944961414771
2.12  -0.857168408203125  1.1118594919099785  -1.64166328125  1.01942556417426
2.1205000000000003  -0.8576765625  1.0969393749999867  -1.6428490234375  1.0031261833022158
2.121  -0.85605732421875  1.1674631810199259  -1.64045966796875  1.0420316504833234
2.1215  -0.855289208984375  1.2438305090634425  -1.64007158203125  1.037471497169633
2.122  -0.856045263671875  1.1332723343238458  -1.63990244140625  1.016962508255026
2.1225  -0.856120947265625  1.163631697390969  -1.6402296875  1.0046733028949222
2.123  -0.852957763671875  1.4366141356559528  -1.6378087890625  1.0564894148023505
2.1235  -0.856004541015625  1.1099929376515676  -1.63926552734375  1.010258628520942
2.124  -0.853369287109375  1.3582356977628856  -1.6380408203125  1.0557241903492265
2.1245000000000003  -0.85572919921875  1.1091381203252253  -1.63889833984375  1.0299776795300173
2.125  -0.8536921875  1.2020063930882743  -1.63681435546875  1.0368717161743783
2.1255  -0.850680859375  1.5035669696100575  -1.63424765625  1.0839867740310363
2.126  -0.85306845703125  1.269272514951592  -1.635761328125  1.0585966088656986
2.1265  -0.851614697265625  1.3361200196449452  -1.63386533203125  1.0394515065007321
2.1270000000000002  -0.85266328125  1.2202165517748278  -1.6345810546875  1.0380325674203692
2.1275  -0.851732421875  1.2999477287750145  -1.63415361328125  1.0576965267390346
2.128  -0.851042333984375  1.3413628296713067  -1.63324384765625  1.0588292966353703
2.1285000000000003  -0.8510109375  1.4048405571705214  -1.633559765625  1.0599037887146967
2.129  -0.85149619140625  1.3358407104962193  -1.63269189453125  1.0611110599427047
2.1295  -0.850032666015625  1.307623938414208  -1.6315556640625  1.0493998322513856
2.13  -0.850385400390625  1.2652929831359414  -1.63132099609375  1.0899288496460122
2.1305  -0.84765810546875  1.6450827620744184  -1.62919052734375  1.0811532196201092
2.1310000000000002  -0.850171923828125  1.274697942206107  -1.6310326171875  1.076147855820554
2.1315  -0.849309130859375  1.3359045926144808  -1.629705859375  1.064836634676932
2.132  -0.848770751953125  1.417996163573955  -1.62989560546875  1.062201433155611
2.1325000000000003  -0.84963759765625  1.2069047501419656  -1.62948134765625  1.046167824337625
2.133  -0.847036181640625  1.4642891918373169  -1.6274962890625  1.0971359975700743
2.1335  -0.849171826171875  1.3055717164418912  -1.629207421875  1.0665369910026523
2.134  -0.84919560546875  1.331781424953013  -1.62904677734375  1.0759250473632622
2.1345  -0.84622275390625  1.708013654759408  -1.6263375  1.087717191565796
2.1350000000000002  -0.849205517578125  1.2044810617303918  -1.62747900390625  1.064800018474001
2.1355  -0.847009814453125  1.3799804103060573  -1.62608447265625  1.0895167881726424
2.136  -0.680886669921875  122.4700931569292  -1.62598779296875  1.0864037923073717
2.1365000000000003  0.844411669921875  1.823275703727212  -1.62414375  1.1204922756921052
2.137  0.843408935546875  1.5718281708976964  -1.622433203125  1.1201988470609854
2.1375  0.84483525390625  1.5386210765305346  -1.62380673828125  1.1067144079353193
2.138  0.84464921875  1.434816292680084  -1.622744140625  1.0997666908464037
2.1385  0.8455822265625  1.4543722571128284  -1.62351083984375  1.0956419231493637
2.1390000000000002  0.843834716796875  1.5291289438868734  -1.62194169921875  1.0975500525139719
2.1395  0.847488671875  1.2428568086147889  -1.62495478515625  1.0516808318385595
2.14  0.84489443359375  1.3778562401384817  -1.621800390625  1.0822413365454668
2.1405000000000003  0.3851005859375  269.57682773036015  -1.61984462890625  1.1171589937543758
2.141  -0.8431837890625  1.5094064871664667  -1.6205880859375  1.116355444414609
2.1415  -0.844100634765625  1.3587199680684419  -1.62040107421875  1.0755010130387936
2.142  -0.8416986328125  1.541403368474972  -1.61823720703125  1.0795597237885775
2.1425  -0.84033994140625  1.6994639888372927  -1.61801669921875  1.1039187687790761
2.1430000000000002  -0.2154892578125  314.45888361042853  -1.61539169921875  1.1818540265920052
2.1435  0.842061572265625  1.4767638864123893  -1.61800439453125  1.0946135635540304
2.144  -0.699989794921875  103.87473012932054  -1.6161529296875  1.1431821013782961
2.1445000000000003  -0.838895458984375  1.685593306413144  -1.6150603515625  1.13093261702642
2.145  -0.841251220703125  1.5896717923393684  -1.61703232421875  1.1005300684506016
2.1455  -0.83718564453125  1.8417918956418522  -1.61356142578125  1.1452419005560608
2.146  -0.837204248046875  2.184219506256871  -1.6139650390625  1.136696250517539
2.1465  0.414520263671875  253.8778302675856  -1.61344658203125  1.1577527493387922
2.1470000000000002  -0.839189794921875  1.5935245168029035  -1.61354892578125  1.115343816730036
2.1475  -0.840005712890625  1.3968070584334413  -1.61373330078125  1.1007814360458341
2.148  -0.838570166015625  1.4610048286094797  -1.6118359375  1.0942378934954506
2.1485000000000003  -0.83854033203125  1.555454012205991  -1.61290224609375  1.1186344726077335
2.149  0.318771435546875  284.38123857489927  -1.6082841796875  1.152444220966302
2.1495  0.835114404296875  1.7420038198733954  -1.6092154296875  1.1454319036658518
2.15  0.836689990234375  1.6322324458110415  -1.61060986328125  1.1080355597092075
2.1505  0.83532529296875  1.7311308400253629  -1.6084646484375  1.1421493363792414
2.1510000000000002  0.833788525390625  2.137514473508645  -1.6078775390625  1.1593093450849776
2.1515  0.8352962890625  1.8124410278984366  -1.609012109375  1.157227047134364
2.152  0.834944482421875  1.7188287403784424  -1.60810673828125  1.1428400466996154
2.1525000000000003  0.834036767578125  1.793305486751264  -1.6070869140625  1.163217576925241
2.153  0.837216748046875  1.376935131846177  -1.60906962890625  1.0913770758597614
2.1535  0.83334970703125  1.7787394747966905  -1.6053482421875  1.1507973837625056
2.154  0.8325396484375  1.9208196304658716  -1.6057376953125  1.1558518603209529
2.1545  0.8285685546875  3.2058420159658567  -1.6042234375  1.2149117607822282
2.1550000000000002  0.831526611328125  1.8327287872668299  -1.60357255859375  1.1543192178706043
2.1555  0.832793603515625  1.687443316143252  -1.6044783203125  1.1400275809814269
2.156  0.825142431640625  3.609687476345771  -1.60102119140625  1.2144963406305396
2.1565000000000003  0.832980615234375  1.6421924923456894  -1.603313671875  1.159742575873242
2.157  0.64236796875  130.12652559660407  -1.59949658203125  1.275918857711451
2.1575  0.830054296875  1.9494782031431332  -1.6014029296875  1.184234579035537
2.158  0.828054638671875  1.9149930440500715  -1.5992474609375  1.1831602358636217
2.1585  0.82958916015625  1.8875848297384148  -1.600462890625  1.1706173496185905
2.1590000000000003  0.8298912109375  1.8408638104844621  -1.600226953125  1.1863036362415993
2.1595  -0.497161083984375  209.6929971312702  -1.59827392578125  1.176901475406124
2.16  -0.82549853515625  2.1856350322582117  -1.59612607421875  1.2013283611846859
2.1605  0.358606884765625  266.33218757191327  -1.59811806640625  1.1619092966260498
2.161  0.82068544921875  2.9624801851311573  -1.59356220703125  1.2801148824117095
2.1615  0.830862939453125  1.6404167419713562  -1.59899794921875  1.1416047079582636
2.162  0.827506396484375  1.8444163576014914  -1.59675849609375  1.1584886623823807
2.1625  -0.759654833984375  52.41960523351578  -1.59629853515625  1.198365186338979
2.1630000000000003  -0.07663662109375  322.1297570825341  -1.59601689453125  1.2175402480650521
2.1635  0.82592236328125  2.050559495496103  -1.59452177734375  1.1809389876959675
2.164  0.828058642578125  1.8081152536884706  -1.59659736328125  1.1554551838233764
2.1645000000000003  0.8254435546875  1.9301850448826543  -1.593515234375  1.1947591415378997
2.165  0.824211767578125  2.06361894164872  -1.593023828125  1.190012951393194
2.1655  0.8241787109375  2.2692605448907894  -1.59249453125  1.1954292792916288
2.166  0.81986630859375  2.984881244585149  -1.5904564453125  1.2446575163358549
2.1665  0.5493359375  180.01933336819178  -1.59173642578125  1.1811944351720445
2.1670000000000003  -0.824279443359375  1.8430908033578863  -1.59115029296875  1.1691211832918333
2.1675  -0.81793251953125  2.8903560876180494  -1.587327734375  1.2662684806814046
2.168  0.50059765625  201.56221336269027  -1.58849892578125  1.2315872463085786
2.1685  0.81913837890625  2.560284450436494  -1.5878078125  1.2561624902197988
2.169  0.82324775390625  1.879327476439101  -1.58925009765625  1.1741975586276765
2.1695  0.818088037109375  2.536529108889483  -1.5861755859375  1.2448724193187872
2.17  0.820106591796875  2.291849907418947  -1.58700556640625  1.2087206664819883
2.1705  -0.46340283203125  215.9003916597153  -1.584769921875  1.2325362758269625
2.1710000000000003  -0.742953271484375  60.11095090862939  -1.5874630859375  1.1855636489622152
2.1715  0.815384130859375  2.961388038122347  -1.58363056640625  1.2375680811676122
2.172  0.8182154296875  2.1636434023761155  -1.5847029296875  1.2208796997490616
2.1725  0.808540234375  3.7596786882191915  -1.578676953125  1.3046819959915092
2.173  0.818192431640625  2.1884930450132836  -1.58416005859375  1.2179785503490035
2.1735  -0.312901025390625  265.6659269622807  -1.57846279296875  1.3348738213778504
2.174  0.810546240234375  3.439447330120089  -1.57882744140625  1.3140391146796724
2.1745  0.8166986328125  2.2555935809776706  -1.58159287109375  1.2573177733728766
2.1750000000000003  0.042905908203125  310.26971702544785  -1.57632998046875  1.2818105488649927
2.1755  0.21205322265625  292.96384716415315  -1.58058447265625  1.2730060924271611
2.176  0.140363916015625  305.2474268403794  -1.58019248046875  1.269461268700104
2.1765  -0.812741357421875  2.5811652958795754  -1.5780291015625  1.2883729265347272
2.177  -0.81386796875  2.21611680681561  -1.5774259765625  1.2285152434602418
2.1775  -0.809808154296875  4.222904565243562  -1.57775126953125  1.2804413460859427
2.178  -0.0531142578125  307.1279065867302  -1.5731861328125  1.333842896014134
2.1785  -0.2562869140625  278.55310354169654  -1.57427041015625  1.3277620484671688
2.1790000000000003  0.493243212890625  195.0917279602964  -1.5743244140625  1.3279100537777644
2.1795  -0.810383154296875  2.579291316043983  -1.57413681640625  1.262936949638693
2.18  -0.739799853515625  54.95489890315785  -1.5761205078125  1.2813380380094153
2.1805  0.80987138671875  2.426528261467903  -1.57332431640625  1.255159582204285
2.181  0.8059072265625  3.1459190339687955  -1.5710751953125  1.3077278564576136
2.1815  0.80740927734375  2.6310170725373263  -1.570643359375  1.3042590238605287
2.182  0.642980615234375  111.44783385385824  -1.56869150390625  1.3235363407274172
2.1825  0.70511845703125  74.4156836583217  -1.5704759765625  1.3277328988185901
2.1830000000000003  0.269338427734375  272.46811902051076  -1.5684013671875  1.3416788931495076
2.1835  0.410573095703125  226.84974108865026  -1.56799150390625  1.3439547237562885
2.184  -0.8046521484375  2.7528966388900935  -1.567496875  1.2689073690065085
2.1845  -0.224424853515625  281.7542011177372  -1.5662912109375  1.2993588430857002
2.185  0.659230322265625  99.35773916242562  -1.56467177734375  1.3552877587441639
2.1855  0.806711279296875  2.585859600866085  -1.56888173828125  1.2771573838597075
2.186  -0.408362451171875  225.81555096801986  -1.56524345703125  1.3368494656773149
2.1865  -0.34182685546875  246.33796389845625  -1.56191591796875  1.3338931330038755
2.1870000000000003  0.7980404296875  3.584871987007719  -1.5626625  1.3405375452987527
2.1875  0.088390087890625  299.13237192807924  -1.56298037109375  1.3453760070183638
2.188  -0.017986767578125  304.7809132018027  -1.56506962890625  1.3071780095777756
2.1885  0.803928369140625  2.7077131824458127  -1.56538017578125  1.258694079822366
2.189  -0.56931689453125  150.65959807014028  -1.5616787109375  1.3583788741348135
2.1895000000000002  -0.389729541015625  226.59368760289584  -1.55818271484375  1.3965775078242209
2.19  0.79016767578125  11.381909092782315  -1.562325  1.3060085374054367
2.1905  -0.08003134765625  296.64005136954586  -1.55863525390625  1.357937021516964
2.1910000000000003  -0.79348916015625  3.689665828241763  -1.55668291015625  1.3518446212061948
2.1915  0.403200927734375  223.6322427627595  -1.5583345703125  1.3516654636824934
2.192  0.373269775390625  230.37884263173677  -1.5540109375  1.4114065317457596
2.1925  0.802540869140625  2.460765231514385  -1.5606255859375  1.2834000992599663
2.193  0.35723896484375  237.62267090899576  -1.5547541015625  1.3773879680120251
2.1935000000000002  -0.788027197265625  4.096354900655317  -1.55108564453125  1.4127704272766335
2.194  0.14614853515625  286.1207751132305  -1.5532279296875  1.3295064131273555
2.1945  0.7940810546875  3.9008054044023037  -1.5561994140625  1.3631052451233974
2.1950000000000003  0.7931625  3.2250227067198693  -1.553441796875  1.335933820101282
2.1955  0.7876458984375  4.330227738396039  -1.55126064453125  1.4341889174254385
2.196  -0.1255529296875  288.00388544582125  -1.55216953125  1.3559364643418426
2.1965  0.27003662109375  261.9022547384289  -1.5524427734375  1.3687626120158571
2.197  -0.4084515625  216.5657110906919  -1.552151953125  1.3991419434337764
2.1975000000000002  -0.526501904296875  162.64113133256785  -1.54766416015625  1.4033600692280714
2.198  0.7892759765625  3.7602806591041404  -1.55001708984375  1.35991206157984
2.1985  0.79232587890625  3.635769523747558  -1.55123857421875  1.3053546690519051
2.1990000000000003  0.793040478515625  3.1187782910456354  -1.55129423828125  1.3343614395875354
2.1995  0.593709765625  127.30449067906058  -1.54691728515625  1.418287480643233
2.2  -0.7868716796875  3.6704265609197053  -1.54701640625  1.3833370659865465
2.2005  -0.133959814453125  281.9512866515944  -1.545565625  1.422383285883216
2.201  -0.45373232421875  197.26070076474028  -1.5471744140625  1.3716431504428863
2.2015000000000002  0.7822193359375  4.420964108828495  -1.54372470703125  1.420769903397064
2.202  0.782265087890625  4.720727891058512  -1.5439078125  1.4281308720665487
2.2025  0.38449755859375  220.28150665514596  -1.543884765625  1.3972884161597632
2.2030000000000003  -0.785518408203125  3.7857300282451374  -1.544309375  1.3746819815506917
2.2035  -0.287994677734375  245.8988612164851  -1.53918505859375  1.4816114179123512
2.204  0.28023271484375  253.86199526301166  -1.54313447265625  1.3605636396517389
2.2045  -0.779554638671875  4.107819778435033  -1.54003984375  1.423301098301929
2.205  -0.780297998046875  4.084609537750377  -1.54010048828125  1.4112383254161094
2.2055000000000002  0.2315904296875  259.7479133832854  -1.53741611328125  1.505257061948453
2.206  0.19093642578125  268.8098250079639  -1.537913671875  1.4234230052740273
2.2065  -0.518309130859375  159.19554130414465  -1.53617294921875  1.483866863511827
2.2070000000000003  0.347273681640625  227.08793338309988  -1.5346837890625  1.439287461415497
2.2075  -0.24070302734375  255.28919985843274  -1.53388134765625  1.4656709417452487
2.208  0.3280421875  236.12789413185007  -1.53763466796875  1.423346691053505
2.2085  -0.156033203125  269.55220928903947  -1.53317294921875  1.475762305478657
2.209  -0.20387021484375  263.6367892527683  -1.53390712890625  1.4718393571391273
2.2095000000000002  -0.411412890625  202.90008492525172  -1.5324609375  1.461770814593822
2.21  -0.298823046875  241.48066440405827  -1.5338765625  1.4638573004750126
2.2105  0.368702099609375  216.4772479068727  -1.53059755859375  1.47332628710428
2.2110000000000003  -0.374762939453125  212.79409935957526  -1.52928623046875  1.567480713282145
2.2115  0.067656103515625  276.46681828473737  -1.52965  1.5095323207992024
2.212  -0.43297919921875  191.49809039715453  -1.52814130859375  1.4924386127801696
2.2125  -0.16340380859375  261.77170606009446  -1.52538837890625  1.557061826644263
2.213  -0.1360361328125  270.4473965977851  -1.52850625  1.4697207005435533
2.2135000000000002  0.7354943359375  30.136853499106977  -1.52966591796875  1.428468322715155
2.214  -0.452151904296875  182.53341104697625  -1.52713583984375  1.5322280665705197
2.2145  -0.229816845703125  251.6996297824872  -1.5256341796875  1.4952689500314553
2.2150000000000003  -0.081912939453125  273.1549878415444  -1.52501533203125  1.478468105552007
2.2155  0.767471826171875  4.581972471859017  -1.52560126953125  1.4576107326507195
2.216  -0.402539697265625  199.08717505481155  -1.52315185546875  1.519790990419562
2.2165  -0.26043642578125  241.39638399520905  -1.52147978515625  1.5400092539404373
2.217  -0.334148876953125  216.65197608527387  -1.51701181640625  1.537735005438634
2.2175000000000002  -0.73400283203125  27.146330398635637  -1.52399111328125  1.4319887381949987
2.218  0.168031640625  262.43033827131705  -1.5227220703125  1.4900652611332275
2.2185  -0.757232666015625  5.640938574477352  -1.51699697265625  1.5174216127410067
2.2190000000000003  0.060165185546875  268.83631339790827  -1.51860625  1.5577317851928787
2.2195  -0.1293986328125  257.6643315034179  -1.51373125  1.6059859111935422
2.22  0.29110751953125  232.12714603796712  -1.51758388671875  1.4726679735827601
2.2205  -0.61249814453125  98.82201562693074  -1.51835517578125  1.5096963740401692
2.221  -0.268862060546875  237.22539367315778  -1.5174501953125  1.472383407697787
2.2215000000000003  0.49961103515625  152.3007407003951  -1.5133119140625  1.5444826657755133
2.222  0.327531005859375  219.92529197194318  -1.51490966796875  1.543916402958071
2.2225  -0.036748486328125  263.41788962879525  -1.5110177734375  1.6171329361660378
2.223  0.72616552734375  23.59281251658363  -1.51105927734375  1.5607634276364184
2.2235  -0.30714423828125  225.142093885937  -1.513711328125  1.5290486914782464
2.224  -0.141007861328125  255.76907352883208  -1.51024033203125  1.5481582125084694
2.2245  0.406485400390625  188.0717547108978  -1.50932685546875  1.5866004595828058
2.225  0.487622314453125  156.9232079584083  -1.5103607421875  1.5068272297610714
2.2255000000000003  -0.07994169921875  261.3396486937231  -1.5081634765625  1.6055009719450197
2.226  -0.01780732421875  265.22388468135375  -1.5085166015625  1.5370002963170526
2.2265  -0.15784794921875  254.15063770312412  -1.50887099609375  1.5038853086290116
2.2270000000000003  0.04189697265625  262.1394823708981  -1.506951953125  1.5684078754946276
2.2275  0.119651904296875  255.3310972552774  -1.50555185546875  1.6067151511826223
2.228  0.27043837890625  225.77035578117548  -1.5040294921875  1.6079761821525314
2.2285  -0.042107177734375  258.1247738524624  -1.50257548828125  1.6428436781232099
2.229  -0.4398650390625  170.81688742707982  -1.50256953125  1.5670479216970645
2.2295000000000003  -0.2191505859375  230.76380412857068  -1.4967939453125  1.683310997638711
2.23  -0.55084990234375  121.24780858407637  -1.5037615234375  1.5766489601688372
2.2305  -0.189994189453125  240.93525691785294  -1.50064833984375  1.6319663103901547
2.231  0.1005580078125  251.3859064137263  -1.49891865234375  1.651163930417185
2.2315  -0.450840185546875  164.44654053899663  -1.4996162109375  1.5959319916502457
2.232  0.532402783203125  125.64621776197319  -1.4977912109375  1.598448229935163
2.2325  -0.118263134765625  248.58667592905653  -1.4967638671875  1.6346420604875278
2.233  -0.40044013671875  181.2320818184923  -1.49567705078125  1.5993519787597592
2.2335000000000003  -0.081448974609375  248.4474475957094  -1.4939181640625  1.6772236090854502
2.234  0.37375322265625  189.9223287637042  -1.49491357421875  1.661473593267859
2.2345  0.43962724609375  167.23715247097627  -1.49593740234375  1.6024926239071269
2.2350000000000003  0.077281298828125  253.9984508224961  -1.4966767578125  1.5335629101964157
2.2355  -0.540085595703125  117.3802655872033  -1.49210048828125  1.6930693033787647
2.236  -0.174454345703125  232.4587197503378  -1.4885513671875  1.7132975068555987
2.2365  0.2167806640625  228.50558827113724  -1.49047490234375  1.6667634059047802
2.237  0.0901939453125  243.33508815082627  -1.4881880859375  1.69753157060605
2.2375000000000003  -0.0621935546875  248.77700817456352  -1.489644140625  1.6645136506039
2.238  0.285632177734375  210.92979265718267  -1.48801748046875  1.7236099586483828
2.2385  0.097384912109375  243.88420682244734  -1.48735947265625  1.673736230529067
2.239  0.010088525390625  251.72474893340427  -1.4907990234375  1.6206234265587722
2.2395  0.004378955078125  250.34643396422783  -1.48852119140625  1.647779974932307
2.24  0.35730869140625  183.42295182023838  -1.48288525390625  1.748038554629431
2.2405  0.37749111328125  182.5305239784951  -1.48523583984375  1.6866630487500072
2.241  0.074176708984375  243.73999010220462  -1.48261328125  1.637370136627644
2.2415000000000003  0.671011474609375  42.37233036694938  -1.485108984375  1.664200497359257
2.242  -0.0482939453125  239.14452689031486  -1.47836171875  1.7288571080811985
2.2425  -0.18926396484375  227.10330706535237  -1.48150234375  1.6639980936082996
2.2430000000000003  0.278328466796875  208.0819147113404  -1.4806474609375  1.6615477673539198
2.2435  0.054064599609375  239.60713721905708  -1.47926259765625  1.700723266042332
2.244  -0.259420068359375  213.48052867115146  -1.480939453125  1.6482410268427587
2.2445  0.0770369140625  237.43811093713455  -1.47645322265625  1.6507625134086727
2.245  -0.084013427734375  240.98988229700444  -1.47888603515625  1.6346719765134927
2.2455000000000003  0.177877197265625  226.95807200813843  -1.47746767578125  1.6704051194882772
2.246  0.42706083984375  154.9081167361377  -1.47417841796875  1.6913363145070288
2.2465  -0.034291796875  240.70110015795402  -1.47668125  1.6629158682381464
2.247  0.09652578125  225.3000965533211  -1.46674091796875  1.8724345670925973
2.2475  0.24354052734375  211.55656970842165  -1.4732  1.6778498583891284
2.248  -0.03279365234375  234.95717955348758  -1.4706087890625  1.7162094570220339
2.2485  -0.35859853515625  182.22072337113198  -1.47405576171875  1.6297165645093914
2.249  -0.219179296875  207.16616905770616  -1.46462412109375  1.7447454900827168
2.2495000000000003  0.06343759765625  235.8070701510014  -1.47161181640625  1.6895050842883994
2.25  0.049380419921875  231.27046556128363  -1.4664416015625  1.7562505496837584
2.2505  0.01855302734375  229.44157452732293  -1.463778515625  1.7776300232857078
2.251  -0.0624857421875  233.29771403110772  -1.4674876953125  1.717182918201703
2.2515  0.2728041015625  193.08148886768197  -1.46160947265625  1.8487625023967447
2.2520000000000002  -0.007043017578125  230.5589628814307  -1.464259765625  1.7439086787358027
2.2525  -0.00586044921875  229.67264740513582  -1.46317177734375  1.7403571491023389
2.253  0.205361572265625  209.5923617706502  -1.46216806640625  1.7732377636932557
2.2535000000000003  -0.064572021484375  219.62749693052882  -1.45630654296875  1.841620088256947
2.254  0.01753173828125  226.5177214222242  -1.45976845703125  1.7429859716586968
2.2545  -0.217560498046875  204.77308285087702  -1.457996484375  1.7923058345680216
2.255  0.02586748046875  227.61945449483352  -1.4603126953125  1.7293966597923647
2.2555  -0.210731591796875  205.45903098081317  -1.4583375  1.7750202411691056
2.2560000000000002  -0.272408447265625  197.1366839084219  -1.462016796875  1.7433022084123426
2.2565  -0.019541064453125  220.016753769924  -1.4523546875  1.8433847573514288
2.257  0.038659619140625  222.90578482503108  -1.4555419921875  1.7324912438192843
2.2575000000000003  0.090520947265625  212.96471537024908  -1.44893564453125  1.851845890756586
2.258  0.145281982421875  216.81839748750858  -1.45610615234375  1.6913108981500249
2.2585  0.047286328125  225.05210956117165  -1.4566888671875  1.7532490946603059
2.259  -0.050091748046875  222.65917432414332  -1.45469091796875  1.8650043664626297
2.2595  -0.299526708984375  179.32122028794114  -1.45077099609375  1.7773410404348187
2.2600000000000002  -0.048800634765625  216.40358757413986  -1.4479232421875  1.7986900289442966
2.2605  -0.03673818359375  218.49718065865804  -1.44920576171875  1.8051596419161098
2.261  -0.00103818359375  222.96958637044844  -1.451882421875  1.7443686546335069
2.2615000000000003  0.133585400390625  213.90595416262084  -1.450376953125  1.744289008920656
2.262  -0.46119736328125  122.14290873621502  -1.447684375  1.7829269480640138
2.2625  0.08758349609375  218.17887149937414  -1.449487890625  1.7427129904154697
2.263  -0.186111376953125  202.33060216241816  -1.44643291015625  1.802190319056512
2.2635  0.092266650390625  212.10133379018316  -1.44564052734375  1.7796591069375423
2.2640000000000002  -0.086290234375  210.83079775086958  -1.4427294921875  1.8341417634963166
2.2645  0.053791357421875  215.94887979655306  -1.44495537109375  1.784137655139666
2.265  -0.190493310546875  195.93377541885584  -1.441316796875  1.8538003498567188
2.2655000000000003  0.1632833984375  204.63550761212684  -1.444659765625  1.7703588720590597
2.266  0.3294529296875  155.0525521396286  -1.4338634765625  1.880992592739322
2.2665  -0.0397453125  209.3666054486543  -1.4372533203125  1.839964327332053
2.267  0.001589111328125  210.39334600270075  -1.4379390625  1.8236162392794881
2.2675  -0.066319287109375  205.39579510495517  -1.43448681640625  1.9367382249579288
2.2680000000000002  0.133043017578125  192.48095650610975  -1.428770703125  1.8903979738309848
2.2685  0.08909140625  207.83739172525898  -1.43758369140625  1.806295398128793
2.269  0.138163916015625  201.14165378814036  -1.43595166015625  1.7791770036721408
2.2695000000000003  -0.244513427734375  184.84057464084592  -1.4373857421875  1.8040863920168648
2.27  -0.104944140625  199.53453254756332  -1.43228486328125  1.8862492775439348
2.2705  -0.093224462890625  204.63736808323532  -1.43436669921875  1.8584001314152856
2.271  -0.137400927734375  199.95567985602153  -1.43405009765625  1.8272140889474515
2.2715  -0.189793994140625  184.46161714454996  -1.4281439453125  1.959127258251826
2.2720000000000002  0.066620556640625  200.43764757686023  -1.4295962890625  1.8414296796344645
2.2725  0.263715283203125  162.0721664965783  -1.42114072265625  1.943358828290216
2.273  -0.135364111328125  192.05593907885947  -1.4255771484375  1.8343298334866156
2.2735000000000003  0.1540302734375  193.97105245860936  -1.42781533203125  1.8102742349373897
2.274  -0.02655458984375  194.58612395489342  -1.4198759765625  1.8931207509372465
2.2745  -0.038508056640625  194.2336512660481  -1.4212736328125  1.9348233266413608
2.275  -0.127319580078125  194.58642208423655  -1.4256318359375  1.805143512068309
2.2755  0.14448564453125  194.3003016246043  -1.4264271484375  1.8134129254950122
2.2760000000000002  0.0186451171875  196.79377197919524  -1.4208345703125  1.8826996891535774
2.2765  -0.240428076171875  166.78855140038053  -1.41728935546875  1.8820816049678761
2.277  -0.202303271484375  178.25060697922567  -1.4196998046875  1.8698725263579115
2.2775  0.136389208984375  185.22369547007818  -1.41689541015625  1.8630376376165556
2.278  -0.151375439453125  184.20863881788674  -1.4175888671875  1.9429239673210537
2.2785  0.105011474609375  188.31124370899914  -1.41627333984375  1.8487095253077042
2.279  -0.019033447265625  191.10529231525337  -1.413358984375  1.8708186472388408
2.2795  0.148393408203125  179.72319487444028  -1.412061328125  1.8770875512539613
2.2800000000000002  0.0483541015625  189.76878631563528  -1.413392578125  1.8538668080262621
2.2805  0.283303076171875  155.44010634681158  -1.41317587890625  1.8673902002692317
2.281  0.158385400390625  180.29605601546123  -1.411348046875  1.8608711582393096
2.2815000000000003  -0.07712060546875  189.61600911362024  -1.4132671875  1.8647317370291763
2.282  0.191486083984375  170.0057782445401  -1.40561279296875  1.8964948458301396
2.2825  0.17896455078125  174.43773255917563  -1.409966015625  1.8750392238374602
2.283  0.1450416015625  180.30631000929083  -1.40958857421875  1.8789104571494066
2.2835  -0.132343359375  174.74339624609973  -1.4039505859375  1.957855644732321
2.2840000000000003  0.018663330078125  188.51749270718068  -1.40802392578125  1.8665793322759947
2.2845  0.07027001953125  186.81104980051964  -1.40784150390625  1.857405880525124
2.285  -0.196884033203125  168.17259257660245  -1.40464326171875  1.931841715618579
2.2855  0.11131181640625  173.32121523647297  -1.3992458984375  1.9442546193478756
2.286  -0.175886181640625  166.78970053557043  -1.40066015625  1.8656867328201923
2.2865  0.075540966796875  176.06887049299107  -1.3992923828125  1.8463647828199927
2.287  -0.167521875  170.8584996388555  -1.4030330078125  1.899198028014098
2.2875  0.0116822265625  178.70429815626707  -1.3972228515625  1.8611934070813916
2.2880000000000003  0.14837373046875  178.4509609135597  -1.40415517578125  1.846313130702655
2.2885  -0.226216162109375  160.27368377356277  -1.40001591796875  1.8815606826319793
2.289  0.013829296875  179.44426384276704  -1.39698994140625  1.8709224539840956
2.2895000000000003  0.157788916015625  162.42911610612708  -1.39119033203125  1.9493575110644725
2.29  0.042588134765625  175.76783868165666  -1.3940943359375  1.9155444915997946
2.2905  -0.2765099609375  135.37033723939572  -1.387476953125  1.9522627819849807
2.291  -0.028795947265625  178.37081948653423  -1.39554833984375  1.912307021335939
2.2915  0.199122119140625  153.44116627895275  -1.38844638671875  1.9486336786974898
2.2920000000000003  -0.04374296875  170.33946227203313  -1.3888904296875  1.9147517429089864
2.2925  0.05336865234375  170.8786379454701  -1.3886689453125  1.926888386688051
2.293  -0.016897607421875  172.29969825797838  -1.3893375  1.9668859411425583
2.2935  -0.03237119140625  166.84428942629563  -1.3846765625  1.9099699732455302
2.294  -0.160093408203125  162.29337119212033  -1.38796328125  1.9125809916025533
2.2945  -0.1248234375  155.9355419001961  -1.380903125  1.9592150357561577
2.295  -0.069008447265625  171.90186859186815  -1.38739775390625  1.8868108356631619
2.2955  -0.046536669921875  158.6646499572863  -1.377304296875  1.947734678129299
2.2960000000000003  -0.124512451171875  166.55908477440278  -1.38663837890625  1.8979336449836197
2.2965  0.280905908203125  133.27234469806186  -1.38277705078125  1.9153712474204097
2.297  0.163751806640625  157.4745705508278  -1.38303330078125  1.85148258177757
2.2975000000000003  0.134874658203125  158.63707589528252  -1.38095458984375  1.8843300124542794
2.298  -0.00224375  167.15171261110203  -1.38043349609375  1.9163927960512452
2.2985  0.076195849609375  163.8991486029006  -1.37900869140625  1.8173959936647959
2.299  -0.064737451171875  162.960217134011  -1.37776181640625  1.9080387380062007
2.2995  0.01766123046875  163.6219903265273  -1.376812890625  1.9041205909590055
2.3000000000000003  -0.007337255859375  164.56280904881856  -1.3783822265625  1.86423988001383
2.3005  0.0002537109375  164.1963933214077  -1.3765677734375  1.8694760201906258
2.301  0.167388427734375  145.66617926264118  -1.3723373046875  1.8939948310006578
2.3015  0.097245703125  150.8072847632658  -1.37002607421875  1.9146845995115986
2.302  0.084498681640625  155.07934860471934  -1.370180859375  1.87422704874049
2.3025  0.052525634765625  158.9365248417725  -1.37236435546875  1.8510681845560226
2.303  0.033939599609375  158.45605076843447  -1.37132412109375  1.941178019859723
2.3035  -0.137644970703125  148.93587803825932  -1.36794345703125  1.848438807158076
2.3040000000000003  0.20361513671875  138.27851176638708  -1.36776298828125  1.9453242100149546
2.3045  0.109373876953125  155.16549587876534  -1.3703466796875  1.867968213202567
2.305  0.002936865234375  149.96195750829443  -1.361025390625  1.9271932060537134
2.3055000000000003  0.01180341796875  146.1883434666719  -1.35938505859375  1.9119000130842014
2.306  -0.004228955078125  156.13907058979865  -1.36541640625  1.8902449922060929
2.3065  -0.039148291015625  155.77822601478562  -1.36622529296875  1.8906552128055674
2.307  0.021058984375  150.77164880858527  -1.36111201171875  1.886873091456375
2.3075  -0.02702919921875  161.17656590753234  -1.368929296875  1.8004535095941088
2.3080000000000003  0.051162841796875  154.16791975873554  -1.3641958984375  1.9044346606227458
2.3085  -0.01286201171875  153.28503021337158  -1.3614716796875  1.876710747144835
2.309  -0.111359765625  140.48840311951872  -1.3561669921875  1.8723168760398896
2.3095  -0.001648828125  148.1633786337005  -1.3574158203125  1.8691621239626257
2.31  -0.1032650390625  149.65648055179585  -1.3616513671875  1.8377518003478386
2.3105  -0.053168017578125  146.20146981832153  -1.35486640625  1.8901728877290906
2.311  -0.0398119140625  148.4782479248533  -1.3565326171875  1.8619313509984323
2.3115  -0.05018916015625  144.6734900566419  -1.354323046875  1.9477782112570219
2.3120000000000003  0.00156142578125  144.19410046377848  -1.35156513671875  1.8850977029739988
2.3125  -0.075061865234375  141.53752716502427  -1.35033623046875  1.8193419316124597
2.313  0.09466337890625  140.7571080973666  -1.3530560546875  1.8804563063750923
2.3135  -0.039877294921875  138.60308724608848  -1.34741943359375  1.8596298908557414
2.314  -0.062431982421875  135.511987093202  -1.34519091796875  1.8497440570048824
2.3145000000000002  0.04310380859375  144.8622609639594  -1.350125390625  1.806084398155421
2.315  -0.038779736328125  135.89077967265013  -1.34380947265625  1.8518659507653392
2.3155  -0.039492138671875  140.02209614216585  -1.347100390625  1.8448989562455087
2.3160000000000003  0.0768193359375  137.15590248163252  -1.34617314453125  1.869073328189627
2.3165  -0.008335791015625  131.96659054472394  -1.3386427734375  1.849454278424184
2.317  0.014100244140625  143.85598324130135  -1.34699033203125  1.868395293799107
2.3175  -0.008947265625  138.07591801341695  -1.34288359375  1.9308608948376844
2.318  -0.082602392578125  130.77915711048615  -1.33867783203125  1.8346733020049233
2.3185000000000002  -0.10768056640625  129.9472754087326  -1.33925908203125  1.8638965600759956
2.319  -0.002535595703125  134.01810870601784  -1.337766796875  1.8815112632085806
2.3195  0.109481103515625  126.14233590852413  -1.33665966796875  1.8235189086933008
2.3200000000000003  0.040243408203125  134.63354880052762  -1.338663671875  1.8684451742891237
2.3205  0.03570380859375  138.25886334753676  -1.34054814453125  1.8230541952666524
2.321  -0.016312744140625  132.87514041796433  -1.33653505859375  1.8477008460249749
2.3215  -0.031701220703125  129.74621439944772  -1.333255859375  1.7821583903260518
2.322  -0.029497705078125  137.99208606202117  -1.33956572265625  1.8312953369466964
2.3225000000000002  0.031347412109375  129.60098945015534  -1.33343427734375  1.8301248675305442
2.323  -0.048580712890625  127.5674317935529  -1.331325  1.8374182631840186
2.3235  0.013823046875  133.83900426222561  -1.33494716796875  1.8307880976057118
2.3240000000000003  -0.018255419921875  132.91973912183224  -1.3337578125  1.8029703855840185
2.3245  0.0012755859375  124.83300383884641  -1.3268650390625  1.7955159716320306
2.325  0.034960595703125  125.47748461016357  -1.32686748046875  1.779361455932441
2.3255  0.031191162109375  130.72646098870604  -1.331748046875  1.7826672284187253
2.326  0.01357275390625  124.90946169731684  -1.32752724609375  1.7897787479712823
2.3265000000000002  0.0671580078125  115.88416739198837  -1.31874248046875  1.8283623455288707
2.327  -0.0620193359375  122.55803179185578  -1.324601953125  1.8157555031827912
2.3275  0.01471533203125  124.75141133011799  -1.32526279296875  1.7991465902203085
2.3280000000000003  -0.001774365234375  115.26780153997258  -1.31626630859375  1.8374670269012163
2.3285  -0.031287939453125  127.4947395179122  -1.325545703125  1.8185768542443497
2.329  -0.0133240234375  120.75284830934345  -1.3205572265625  1.7850909779863002
2.3295  0.09842685546875  118.74502195062229  -1.319479296875  1.6943811191965552
2.33  0.048504345703125  119.7305905372341  -1.31845224609375  1.7709093196520393
2.3305000000000002  -0.017639794921875  123.40543192183037  -1.3209466796875  1.7925158464255806
2.331  -0.03034375  118.15024391690798  -1.316980078125  1.753043119391409
2.3315  -0.024523583984375  125.97143219492948  -1.32224072265625  1.7808168054177516
2.3320000000000003  -0.0434548828125  117.92563861624609  -1.31554638671875  1.805975684755858
2.3325  0.111267041015625  116.52380274798095  -1.31804404296875  1.7638415978672812
2.333  0.007344384765625  117.96528700120278  -1.3145072265625  1.8016322770450999
2.3335  -0.032402685546875  114.05594025951724  -1.3102431640625  1.770406257687333
2.334  -0.007669921875  116.60586685779509  -1.3133017578125  1.7318938312586922
2.3345000000000002  0.01991767578125  113.53825281339937  -1.3093302734375  1.7075286484481322
2.335  0.066575537109375  111.10788704905711  -1.30898212890625  1.6894858282323526
2.3355  0.0240109375  114.8655331751766  -1.30941162109375  1.7856362914102477
2.3360000000000003  -0.0572892578125  110.80280102804939  -1.30676220703125  1.7338449231096456
2.3365  0.0499462890625  105.17230206062419  -1.3025474609375  1.694980239602046
2.337  -0.06761611328125  120.18946295614283  -1.31619814453125  1.7060550353477926
2.3375  -0.008946044921875  113.5928869315832  -1.30714287109375  1.771414448423946
2.338  -0.05868076171875  116.44722914432992  -1.3087537109375  1.803238524871617
2.3385000000000002  -0.001324072265625  110.5577419965629  -1.303155078125  1.7223054039451284
2.339  -0.037937060546875  111.8786704216368  -1.30619365234375  1.755762440750854
2.3395  -0.06216884765625  106.56630390240552  -1.3015345703125  1.696100911921889
2.34  0.03920615234375  109.30854749331849  -1.30137998046875  1.7137373694617353
2.3405  0.04479228515625  104.79101119832418  -1.298126953125  1.7335193293855242
2.341  -0.07758251953125  108.93843235218905  -1.3028578125  1.6981973114152
2.3415  0.075561181640625  104.11034119311935  -1.2992421875  1.686604730975222
2.342  -0.01461220703125  108.84016758495926  -1.29992744140625  1.6972116008001858
2.3425000000000002  -0.0074841796875  102.07521902079442  -1.29456943359375  1.6533709033273305
2.343  0.000911328125  98.07195975118705  -1.28998759765625  1.6783465428509636
2.3435  0.065667333984375  103.65436595769276  -1.295842578125  1.699076748714235
2.3440000000000003  -0.015177490234375  107.33926502295483  -1.29721201171875  1.6538135864608046
2.3445  -0.010231103515625  107.2054796235111  -1.29751279296875  1.6938426046861832
2.345  0.05733193359375  104.76375986040361  -1.295541796875  1.693018064310234
2.3455  -0.098317919921875  107.18498980178032  -1.29916884765625  1.7355329332479352
2.346  0.03601884765625  105.67475589313841  -1.29618173828125  1.6895327164648248
2.3465000000000003  -0.0024576171875  99.59430007309756  -1.28874248046875  1.7017552825932534
2.347  0.0100318359375  112.60713198083657  -1.299854296875  1.7036317754988655
2.3475  0.080116650390625  96.19699836249397  -1.2888642578125  1.6535166011626516
2.348  0.020555078125  100.09795173811489  -1.28732470703125  1.656546558306775
2.3485  -0.020494287109375  96.7894459762288  -1.28564931640625  1.5904004977827104
2.349  -0.032777490234375  99.68623439112118  -1.28722265625  1.6070188643764243
2.3495  0.060130859375  94.62630185777559  -1.2834091796875  1.7076352944307893
2.35  0.036902001953125  96.78790716733606  -1.2853263671875  1.628028246371411
2.352  -0.0019046875  96.34203459648704  -1.28235859375  1.5990239514505729
2.354  0.09721376953125  93.7539773143743  -1.28233408203125  1.6504411048137098
2.356  -0.007754638671875  90.86313384934638  -1.2751466796875  1.6138550984429958
2.358  0.03087685546875  93.19322643311581  -1.27539677734375  1.6155051179677864
2.36  0.019823291015625  87.25662004646846  -1.26829560546875  1.5990427204556288
2.362  -0.01401865234375  87.13247359890569  -1.26714736328125  1.5457194016584208
2.364  -0.004336962890625  87.31879353010716  -1.26434365234375  1.514619621605772
2.366  0.00715732421875  82.12640288741794  -1.25916005859375  1.4718455865001059
2.368  -0.03025361328125  85.28890924728393  -1.2614220703125  1.5239678839090354
2.37  -4.84375e-05  79.88005420121307  -1.254714453125  1.480133176190359
2.372  0.0436767578125  79.36723121269961  -1.25308193359375  1.484016653306387
2.374  -0.0206146484375  74.56557639056905  -1.24728125  1.4798382551798894
2.376  0.000306103515625  76.44859008751969  -1.24670283203125  1.456890095745922
2.378  0.00525576171875  69.33194474429914  -1.23917216796875  1.4027874145892691
2.38  -0.00811435546875  72.00251028147568  -1.24036748046875  1.4294244505551759
2.382  0.00934619140625  72.00762355432262  -1.24001279296875  1.451884677480134
2.384  0.050742822265625  69.35155207551381  -1.23595986328125  1.4148370733415923
2.386  0.034076953125  68.19019751159104  -1.2327185546875  1.3683091677406982
2.388  0.008668359375  64.17116266678444  -1.22613486328125  1.351426689518841
2.39  -0.04751787109375  62.79535157929768  -1.2255330078125  1.3490966309388903
2.392  0.03494609375  66.12109778728573  -1.22563701171875  1.3548702559046635
2.394  0.009916845703125  61.129078686901785  -1.21934658203125  1.3079355833824486
2.396  -0.024492724609375  62.67448013604115  -1.2203720703125  1.290554005730346
2.398  -0.057030810546875  63.00853228105025  -1.22088583984375  1.3591508692784795
2.4  0.017454638671875  55.36617875585836  -1.2097759765625  1.2520984781290503
2.402  -0.001172900390625  56.61186949469904  -1.20929794921875  1.263151590225009
2.404  0.007045361328125  52.81503313617827  -1.20530341796875  1.210420517015097
2.406  -0.01467392578125  52.9909071392117  -1.20287734375  1.2500659956725595
2.408  -0.005632470703125  52.05635986874704  -1.19993076171875  1.210603604528841
2.41  0.0022599609375  54.712006401695405  -1.20282314453125  1.2355581633149488
2.412  -0.015895166015625  50.704950412641175  -1.19712705078125  1.2367143290541018
2.414  0.004417529296875  51.004509338185734  -1.1946849609375  1.2011067839560174
2.416  -0.028461962890625  52.50588805768247  -1.1968078125  1.2191476377389865
2.418  -0.0046826171875  47.67100747284364  -1.18998798828125  1.1866843122970396
2.42  0.003734912109375  49.123761427111916  -1.1896916015625  1.1428994158566792
2.422  -0.01247001953125  46.144491323637325  -1.1847294921875  1.162466877492032
2.424  -0.02013046875  43.953610821730614  -1.18161669921875  1.1148386838722983
2.426  0.0021408203125  45.14205524910796  -1.18184560546875  1.137255073905597
2.428  0.00597939453125  41.34807603335033  -1.17467265625  1.1458028906519089
2.43  -0.008918896484375  43.78117353246266  -1.17700927734375  1.1291899613016856
2.432  0.046650341796875  47.08088056744927  -1.1785734375  1.160741871968493
2.434  0.00430009765625  40.127928704160944  -1.17161103515625  1.0678099142214834
2.436  -0.007847509765625  41.51619306383155  -1.16897080078125  1.088208006757606
2.438  -0.015593212890625  39.01850727755264  -1.166442578125  1.1019921764591252
2.44  -0.010894140625  40.19556768244109  -1.16549443359375  1.0704938445052405
2.442  -0.006454638671875  39.560859578469504  -1.16348662109375  1.0512086300759245
2.444  0.021362939453125  37.179942124318124  -1.1615943359375  1.053401103858731
2.446  -0.01061337890625  36.56750705967252  -1.157512109375  1.0637152267963705
2.448  -0.029109423828125  35.394738392628184  -1.156118359375  1.0455448573121375
2.45  -0.0010015625  38.30158750982143  -1.1554572265625  1.049865450066345
2.452  0.002159619140625  35.685477411972975  -1.15367626953125  1.0197136175208024
2.454  0.00531787109375  34.53474179979991  -1.1515009765625  1.002300836661653
2.456  -0.002008837890625  34.348227175355596  -1.14785166015625  1.0269603493061952
2.458  -0.010025  33.61567929363303  -1.14526708984375  1.0111400201667344
2.46  0.011690771484375  33.79001964207694  -1.14411513671875  0.98196777872886
2.462  0.003835693359375  33.5770063083627  -1.14339677734375  1.0104680922550096
2.464  0.003558251953125  32.045781961288455  -1.1399072265625  0.9906713748223103
2.466  0.011303515625  31.652894998922847  -1.13908876953125  0.9886069045054358
2.468  -0.02054287109375  30.080319302379046  -1.13585244140625  0.976340967179132
2.47  -0.001974560546875  32.69975377111174  -1.1370177734375  0.9906614446677696
2.472  0.00985654296875  32.27937167067642  -1.132983203125  0.9837113379958812
2.474  0.01183876953125  31.94697529920154  -1.1330560546875  0.9813604342822916
2.476  -0.002831396484375  28.94422773846801  -1.12958544921875  0.9430660616259171
2.478  0.00690283203125  28.26976160042357  -1.12678935546875  0.9423311600273486
2.48  0.01273466796875  27.91459455956638  -1.1247654296875  0.9301986303672556
2.482  0.00014833984375  27.88347820179904  -1.1228798828125  0.9205494975728622
2.484  0.00321796875  29.522153130409624  -1.122519140625  0.9515702427652816
2.486  -0.00966171875  28.597094227297863  -1.12056376953125  0.9444902144243519
2.488  0.000925  26.037734803682675  -1.1165064453125  0.8932810470500966
2.49  0.00351142578125  27.43673888582062  -1.1176783203125  0.9041471157659967
2.492  0.002591064453125  26.993210525414725  -1.11487421875  0.9241205313061068
2.494  -0.02464814453125  25.994658251643788  -1.11388837890625  0.8967939907959006
2.496  -0.0025869140625  25.077740791125173  -1.11140439453125  0.8850060506826353
2.498  0.000474365234375  23.806276641210424  -1.108226953125  0.8878644468567575
2.5  0.001870068359375  24.102146197850587  -1.1054078125  0.8723182666000139
2.5020000000000002  0.0055126953125  23.511622254930426  -1.10543681640625  0.8509608135069263
2.504  0.002303173828125  23.903683174731952  -1.103514453125  0.8727640455532274
2.5060000000000002  -0.00238818359375  24.304875926584792  -1.10225107421875  0.8750085492254253
2.508  -0.009933935546875  23.47322980348724  -1.099496484375  0.8481252257280408
2.5100000000000002  -0.001235205078125  22.636394210065014  -1.097579296875  0.8647816897499462
2.512  0.00380751953125  22.96200043649467  -1.09740625  0.8714638782411755
2.5140000000000002  0.006948388671875  21.93323876155929  -1.09506201171875  0.8409277699427452
2.516  -0.0011255859375  21.59503882699163  -1.09238583984375  0.8383134181781555
2.5180000000000002  0.0083513671875  22.627703393674913  -1.09274501953125  0.8464769371761706
2.52  0.001803515625  21.846218040736606  -1.09040703125  0.821761858406533
2.5220000000000002  0.01104287109375  20.97804561948215  -1.0870498046875  0.8207925328420024
2.524  0.00050556640625  21.01315503460142  -1.085607421875  0.8289976196569597
2.5260000000000002  0.0022095703125  20.754645453394076  -1.08433115234375  0.8405128454438587
2.528  0.000754638671875  19.858389999751804  -1.08203056640625  0.8192348128017801
2.5300000000000002  0.005081201171875  20.234191703494584  -1.0804626953125  0.815860996103811
2.532  -0.00785927734375  19.399175670785045  -1.07995615234375  0.8097830661475255
2.5340000000000003  0.010289892578125  19.62534680381094  -1.07783134765625  0.8088347763027941
2.536  0.006395361328125  19.14950750739257  -1.07608466796875  0.7952479601175689
2.5380000000000003  -0.0142658203125  19.097333843069713  -1.07640791015625  0.8065258950947413
2.54  0.00836669921875  20.236047745351712  -1.075169921875  0.8048192690330964
2.5420000000000003  0.006172802734375  18.445645227021007  -1.0715095703125  0.8042770141730676
2.544  0.00600654296875  18.863193224832784  -1.07082685546875  0.7979198976704585
2.5460000000000003  0.004528076171875  19.12550134150287  -1.0699087890625  0.7871663232188882
2.548  0.003354833984375  18.137257879333017  -1.06757333984375  0.783442399886528
2.5500000000000003  0.005716015625  17.99229130275735  -1.065051171875  0.7842159515330778
2.552  0.0032548828125  17.60703940498567  -1.06361708984375  0.774332614234071
2.5540000000000003  -0.010760546875  17.77599952225675  -1.06275126953125  0.7770744261806595
2.556  0.004173876953125  17.78056587005663  -1.062629296875  0.773439227706824
2.5580000000000003  0.010232861328125  17.662290403879027  -1.0601248046875  0.7845020428270114
2.56  -0.004923583984375  16.895058081412316  -1.05723388671875  0.752929530106472
2.5620000000000003  0.004634765625  16.4284063369072  -1.05595810546875  0.7542795025445002
2.564  0.007779248046875  17.30666017933005  -1.056814453125  0.7680848575748705
2.5660000000000003  -0.002942919921875  16.945221624274424  -1.05499599609375  0.7770137228240261
2.568  -0.00615341796875  15.337700613161841  -1.05072099609375  0.7512807190309863
2.5700000000000003  0.000846484375  16.20739978179718  -1.0516326171875  0.7578173444088875
2.572  -0.00100615234375  15.697865338375868  -1.04854375  0.7518446391664674
2.5740000000000003  -0.003579345703125  15.22664848698732  -1.04807607421875  0.7351030423237834
2.576  0.00644912109375  16.14391547911839  -1.047265234375  0.7640413636014751
2.5780000000000003  -0.000826953125  15.461642280292374  -1.04479228515625  0.7368370969924461
2.58  0.002965283203125  14.843646844490937  -1.04359501953125  0.7436332911145089
2.5820000000000003  -0.0012173828125  14.529105869828982  -1.041622265625  0.7342231354700869
2.584  -0.00674775390625  15.040547088872477  -1.0395697265625  0.7166224085545507
2.5860000000000003  -0.0040521484375  14.259894050763123  -1.03829404296875  0.7264770086573933
2.588  0.0032802734375  14.718983921811605  -1.0379580078125  0.7315036610590454
2.59  -0.004186962890625  14.610322481485847  -1.03685439453125  0.7147826395848821
2.592  -0.003058935546875  13.96522724800675  -1.033255859375  0.7145161540783103
2.5940000000000003  0.00325224609375  14.178926994201612  -1.03287265625  0.7248729870404528
2.596  0.0017419921875  13.684267359022895  -1.03036162109375  0.71386051449959
2.598  0.001996337890625  13.669736464173726  -1.02879052734375  0.6983458246202219
2.6  -0.0027224609375  13.578421413446515  -1.0288732421875  0.7082850374387598
2.6020000000000003  0.003510986328125  13.634533711086686  -1.0272083984375  0.7114293405199457
2.604  -0.00434814453125  13.06267282746721  -1.02532939453125  0.7145675164094447
2.606  0.00148056640625  13.455168226864537  -1.02477294921875  0.6941638331841676
2.608  0.001193701171875  13.480199431615723  -1.02207001953125  0.7077588442291103
2.6100000000000003  -0.007033056640625  12.972718681370292  -1.02229091796875  0.6939664761838595
2.612  0.004828662109375  13.31909834915231  -1.0201595703125  0.694256875801917
2.614  0.000750048828125  13.038330787644915  -1.01878623046875  0.697900189422677
2.616  -0.0053064453125  12.509875606827576  -1.01678974609375  0.6911949136823248
2.6180000000000003  -0.004114599609375  12.766904595952859  -1.01620234375  0.6867631938834898
2.62  -0.0074337890625  11.855051143234135  -1.01439755859375  0.6759306568340714
2.622  -0.003865771484375  12.498371122762881  -1.01291416015625  0.6832777189844842
2.624  0.002308935546875  12.26762462674676  -1.01184609375  0.6756824791594288
2.6260000000000003  0.00569931640625  12.08223100157901  -1.01003388671875  0.6754568866241295
2.628  -0.006688623046875  12.312993500091228  -1.0089  0.6909058104791375
2.63  -0.003651708984375  11.801803024587654  -1.00775703125  0.6751374991867982
2.632  -0.00327783203125  11.81591808293583  -1.00527744140625  0.6639866836895575
2.6340000000000003  0.000537890625  11.854118698450549  -1.0055484375  0.6672080901781967
2.636  -0.003875  11.572435366084976  -1.00289501953125  0.6638172327471339
2.638  0.00026513671875  11.215382927906884  -1.00177392578125  0.6530259972768668
2.64  0.004557275390625  11.07282621544208  -1.00088203125  0.656055325000729
2.642  0.00323603515625  11.468744970189341  -0.99972939453125  0.6471054216419067
2.644  -0.007328173828125  11.25549044327867  -0.998644140625  0.6523708921483939
2.646  0.0035412109375  11.124260482198956  -0.99762548828125  0.6410909994108103
2.648  0.00277080078125  11.282367046145527  -0.99615224609375  0.6524983058038106
2.65  -0.003398779296875  10.738738525898254  -0.99516796875  0.6480328430936199
2.61  0.000776123046875  13.787975586849521  -1.02189130859375  0.7102345861806784
2.62  0.00571767578125  12.416740944801855  -1.01479189453125  0.6708093541824016
2.63  0.001457763671875  11.776828584481011  -1.007477734375  0.6620426634176322
2.64  -0.00284736328125  11.171010554831764  -1.00124990234375  0.6530987946747602
2.65  -0.00236669921875  10.767790480450325  -0.9948390625  0.6289110461018217
2.66  0.012936328125  10.269623065143326  -0.98722099609375  0.6312866874129321
2.67  -0.005891943359375  10.132138118773957  -0.98138486328125  0.6277309021736664
2.68  -0.00367998046875  9.596879050223734  -0.97656923828125  0.6072035070632227
2.69  0.00206669921875  9.325300764662959  -0.970185546875  0.6073636950282285
2.7  0.001306494140625  8.770577567049154  -0.96261474609375  0.5882583421411608
2.71  0.000782421875  8.9580677318381  -0.95837216796875  0.6036168431001903
2.72  0.00533857421875  8.40725564076502  -0.9514095703125  0.5794356661522795
2.73  0.0039826171875  7.751902574390453  -0.9449650390625  0.5667951776688902
2.74  -0.000170556640625  8.041490433029733  -0.94142119140625  0.5620723299751489
2.75  0.001592138671875  7.727747606135475  -0.93496015625  0.5594723966115897
2.7600000000000002  -0.002387939453125  7.139175177068295  -0.92969423828125  0.5454969659579001
2.77  -0.007379248046875  6.8972325116614615  -0.92380849609375  0.5384111099400369
2.7800000000000002  0.0022353515625  6.656069609585768  -0.9177978515625  0.5361781221240179
2.79  -0.001204052734375  6.529358035918424  -0.9126728515625  0.524198851540117
2.8000000000000003  0.000913671875  6.376630040680802  -0.9077302734375  0.5259482559341009
2.81  -0.000295263671875  6.187907752890591  -0.90203876953125  0.5063554501874056
2.8200000000000003  -0.00214189453125  6.063686639485677  -0.89766982421875  0.4953218779165327
2.83  0.00232705078125  5.942618701548008  -0.8938775390625  0.4935838839788872
2.84  -0.00184296875  5.648387391395247  -0.88722041015625  0.48808913785741714
2.85  0.004434619140625  5.538737926568497  -0.882668359375  0.4771211110918775
2.8600000000000003  -0.000777392578125  5.274188840006794  -0.877558203125  0.47422619227635976
2.87  0.000939501953125  5.234998080832664  -0.87373154296875  0.4698758002752305
2.88  -0.000228955078125  5.006849749483744  -0.86825439453125  0.4620002044571818
2.89  -0.00213271484375  5.069876047790737  -0.8639021484375  0.45628884670003994
2.9  -0.001375  4.770425759698275  -0.860122265625  0.4543808604154231
2.91  -0.003546337890625  4.686607626885168  -0.8548255859375  0.44248643507969154
2.92  -0.000448681640625  4.619180558947419  -0.8512416015625  0.4410019017725598
2.93  -0.000460791015625  4.489031722475436  -0.846425  0.4336724200340196
2.94  0.0005447265625  4.400148297712054  -0.84181064453125  0.43025509404062917
2.95  0.001887646484375  4.289619506189585  -0.83805439453125  0.4266395114449409
2.96  0.000524169921875  4.249718446288237  -0.83389140625  0.4261804235955656
2.97  -0.000917529296875  4.146695912838509  -0.8298595703125  0.4157556017482362
2.98  0.002690283203125  4.037463068070175  -0.8260283203125  0.4174972049357053
2.99  0.001898193359375  3.9555089020489853  -0.82202470703125  0.4084898137925919
